%1-Time(seg)	2-Pos_Encoder	3-x_ref	4-Velo_Encoder(m/s)	5-Torque(N.m)
3.04	-0.000179008129635	0.0		0.0	0.0
3.14	-0.000179008129635	0.003		0.0	0.0
3.24	-0.000179008129635	0.011		0.0	0.0674684659091
3.34	-0.000179008129635	0.026		0.0	0.172452908493
3.44	-0.000179008129635	0.045		0.0	0.323940578266
3.54	-0.000179008129635	0.07		0.0	0.411997204389
3.64	-0.000179008129635	0.1		0.0	0.867744357555
3.74	-0.000179008129635	0.135		0.0	1.2519527491
3.84	-0.000179008129635	0.176		0.0	1.70678938635
3.94	0.00823437329382	0.221		0.0841338261962	2.15897745372
4.04	0.0259561799467	0.27		0.177218034863	2.55306339936
4.14	0.0513753369451	0.325		0.251674771309	2.96851033372
4.24	0.0893250629306	0.384		0.379497230053	3.37186293284
4.34	0.143922537565	0.447		0.540569067001	3.63074757599
4.44	0.209618523717	0.515		0.648682892323	3.87490298777
4.54	0.286234021187	0.587		0.766154766083	4.0852205156
4.64	0.370188832283	0.663		0.839548110962	4.25681077272
4.74	0.463631093502	0.744		0.923398375511	4.37624536793
4.84	0.566381752491	0.828		1.0275067091	4.44869875932
4.94	0.671280503273	0.915		1.03860151768	4.51797459109
5.04	0.786561727524	1.007		1.15102231503	4.45202981637
5.14	0.904528081417	1.102		1.17966353893	4.46170252598
5.24	1.02446353436	1.2		1.187479496	4.42883005809
5.34	1.14529407024	1.302		1.20830488205	4.14206555174
5.44	1.26522946358	1.407		1.19756436348	4.12549492098
5.54	1.38749206066	1.515		1.20874798298	4.10303278069
5.64	1.51047062874	1.626		1.22978591919	4.097351245
5.74	1.63488125801	1.74		1.24410653114	4.11092667375
5.84	1.75803887844	1.857		1.21938204765	4.17521222806
5.94	1.88101744652	1.976		1.22978591919	4.22332338821
6.04	2.00524902344	2.098		1.24231624603	4.25108245897
6.14	2.12983870506	2.222		1.22146713734	4.33936404272
6.24	2.25747156143	2.349		1.27632796764	4.33484508389
6.34	2.38546228409	2.478		1.25305688381	4.42009439883
6.44	2.51345300674	2.609		1.27990806103	4.44090823381
6.54	2.64233875275	2.742		1.28706848621	4.47943280502
6.64	2.77050852776	2.877		1.26900815964	4.54426484965
6.74	2.89975237846	3.014		1.2906485796	4.57614786496
6.84	3.02756428719	3.152		1.27811801434	4.63736569737
6.94	3.15913534164	3.292		1.30091035366	4.64512912065
7.04	3.29195928574	3.433		1.32824027538	4.66636069798
7.14	3.42603635788	3.576		1.34077095985	4.66852991061
7.24	3.56011343002	3.72		1.32749581337	4.72465720712
7.34	3.69741272926	3.865		1.37299239635	4.69934959822
7.44	3.8332798481	4.011		1.34344696999	4.74463980737
7.54	3.97505426407	4.158		1.41595435143	4.6937821624
7.64	4.11682891846	4.305		1.41595435143	4.69682442921
7.74	4.25538110733	4.454		1.37003231049	4.73381947295
7.84	4.38748931885	4.602		1.31928992271	4.84318766255
7.94	4.51619625092	4.752		1.28527832031	5.24956005551
8.04	4.64400815964	4.901		1.26369094849	5.60535763356
8.14	4.78184461594	5.051		1.37836253643	5.71564222489
8.24	4.91878604889	5.201		1.36762213707	5.97982856905
8.34	5.05644321442	5.351		1.36117076874	6.22766716439
8.44	5.19982862473	5.501		1.43385505676	6.379114815
8.54	5.34786844254	5.651		1.47860705853	6.51731970759
8.64	5.49590826035	5.8		1.44961488247	6.72266098069
8.74	5.64842319489	5.949		1.5233591795	6.78635193459
8.84	5.80398130417	6.097		1.54017877579	6.88709202866
8.94	5.95703315735	6.245		1.52872955799	6.88709202866
9.04	6.11867761612	6.392		1.61644327641	6.96710410101
9.14	6.11867761612	6.538		1.61644327641	6.96710410101
9.24	6.45109558105	6.683		1.67014575005	6.92656290329
9.34	6.45109558105	6.827		1.67014575005	6.83490920541
9.44	6.61649894714	6.969		1.63588619232	10.6561898687
9.54	6.78709363937	7.111		1.68728458881	7.09095435145
9.64	6.96234273911	7.25		1.7506994009	7.7445262864
9.74	7.14117193222	7.389		1.78650105	7.47969825026
9.84	7.31874799728	7.525		1.75640654564	7.32953365928
9.94	7.49525022507	7.66		1.76502001286	6.8961320704
10.04	7.6726474762	7.793		1.75640654564	6.7455820579
10.14	7.84950733185	7.924		1.76681017876	6.58127145198
10.24	8.01974391937	8.053		1.68373966217	6.13854067803
10.34	8.18514728546	8.18		1.63588619232	5.78746443506
10.44	8.33873653412	8.304		1.53409969807	5.51195956387
10.54	8.49178886414	8.426		1.515365839	5.11632270283
10.64	8.63445854187	8.545		1.4107966423	4.84104053835
10.74	8.77444267273	8.662		1.39805352688	4.44346602533
10.84	8.90511894226	8.776		1.30675923824	4.1520774088
10.94	9.02559185028	8.887		1.19102442265	3.89525110516
11.04	9.13800907135	8.995		1.1241710186	3.63732337035
11.14	9.24183368683	9.1		1.02796733379	3.43365980352
11.24	9.33957195282	9.202		0.975594222546	3.22134043275
11.34	9.41851425171	9.3		0.781609714031	3.21230663175
11.44	9.49620342255	9.395		0.767430841923	3.08933100017
11.54	9.56959629059	9.486		0.733933329582	3.01510097221
11.64	9.62580490112	9.574		0.5620855093	3.10681537112
11.74	9.68147659302	9.658		0.549430847168	3.16496298644
11.84	9.73446273804	9.738		0.5298640728	3.21628617707
11.94	9.78852272034	9.814		0.540604531765	3.46788461291
12.04	9.84419441223	9.886		0.55120319128	3.49113252923
12.14	9.89932918549	9.954		0.551345050335	3.48001803961
12.24	9.95428466797	10.017		0.549554944038	3.44175691547
12.34	10.0126409531	10.076		0.583566427231	3.33269968387
12.44	10.0718927383	10.13		0.592516899109	3.24542949905
12.54	10.1295337677	10.18		0.570699155331	3.14594943287
12.64	10.1875324249	10.225		0.579986393452	3.04746636958
12.74	10.238907814	10.265		0.513753354549	2.97534659214
12.84	10.2872400284	10.3		0.476764172316	2.89691342479
12.94	10.3344984055	10.33		0.467902421951	2.79701858492
13.04	10.3781766891	10.355		0.43677982688	2.70801554058
13.14	10.4198856354	10.375		0.412959367037	2.61429708478
13.24	10.4585514069	10.389		0.384867459536	2.15719174811
13.34	10.4941740036	10.397		0.354436069727	1.79971183677
13.44	10.5034828186	10.4		0.0921625941992	1.6907248431
13.54	10.5238895416	10.4		0.202279180288	1.31137060799
13.64	10.5469818115	10.4		0.226392626762	0.945664998472
13.74	10.5525312424	10.4		0.0554925203323	0.824223940397
13.84	10.5564689636	10.4		0.0389918722212	0.633076474402
13.94	10.5564689636	10.4		0.0	0.477077100071
14.04	10.5564689636	10.4		0.0	0.303411564108
14.14	10.5564689636	10.4		0.0	0.129283164053
14.24	10.5564689636	10.4		0.0	0.129283164053
14.34	10.5564689636	10.4		0.0	0.129283164053
14.44	10.5564689636	10.4		0.0	-0.394754483144
14.54	10.5568265915	10.4		0.00354471523315	-0.577280596929
14.64	10.5602273941	10.4		0.0340115427971	-0.792044862781
14.74	10.5435800552	10.4		-0.164687469602	-0.756638184109
14.84	10.5110006332	10.4		-0.322569072247	-0.597729903989
14.94	10.4868345261	10.4		-0.241660967469	-0.578783229649
15.04	10.465174675	10.4		-0.214455291629	-0.249563020774
15.14	10.4487056732	10.4		-0.164687469602	-0.182013651055
15.24	10.4419031143	10.4		-0.0680230855942	-0.194138175354
15.34	10.4363536835	10.4		-0.0549430847168	-0.183038322115
15.44	10.4313411713	10.4		-0.0501222796738	-0.174930172035
15.54	10.4259710312	10.4		-0.0531707257032	-0.165166232142
15.64	10.4225702286	10.4		-0.0336747914553	-0.174063839809
15.74	10.4188108444	10.4		-0.0375917032361	-0.171365646045
15.84	10.4148731232	10.4		-0.0393817871809	-0.169886564995
15.94	10.4103975296	10.4		-0.0443089418113	-0.165188804722
16.04	10.4055643082	10.4		-0.048332195729	-0.160216801718
16.14	10.4007310867	10.4		-0.048332195729	-0.15788797542
16.24	10.3957185745	10.4		-0.0491394810379	-0.155422872484
16.34	10.3910646439	10.4		-0.0465421117842	-0.155537436112
16.44	10.3856945038	10.4		-0.0531707257032	-0.150265593796
16.54	10.3810405731	10.4		-0.0465421117842	-0.15307417034
16.64	10.3717317581	10.4		-0.0930842235684	-0.117064483705
16.74	10.3633184433	10.4		-0.0833008140326	-0.113312956727
16.84	10.3522195816	10.4		-0.109886169434	-0.086350656041
16.94	10.3359298706	10.4		-0.162897393107	-0.0339489278255
17.04	10.3165969849	10.4		-0.191414624453	0.370157158172
17.14	10.3083629608	10.4		-0.0823437348008	0.499086370329
17.24	10.3038873672	10.4		-0.0447520315647	0.628391363731
17.34	10.2958316803	10.4		-0.0797560960054	0.819133287833
17.44	10.2958316803	10.4		0.0	0.902239643768
17.54	10.2958316803	10.4		0.0	1.01985478313
17.64	10.2958316803	10.4		0.0	1.13726382625
17.74	10.2958316803	10.4		0.0	1.25452448006
17.84	10.2958316803	10.4		0.0	1.37167829359
17.94	10.2958316803	10.4		0.0	1.4887551821
18.04	10.2954740524	10.4		-0.00358016253449	1.61330403492
18.14	10.2888507843	10.403		-0.065577223897	1.80823083247
18.24	10.2800798416	10.411		-0.0877139791846	2.09135424515
18.34	10.2988758087	10.426		0.187958538532	2.09936826912
18.44	10.3130178452	10.445		0.140016257763	2.36173676368
18.54	10.3357515335	10.47		0.227340310812	2.46362353511
18.64	10.3495349884	10.5		0.137836262584	2.8096094416
18.74	10.3661823273	10.535		0.16482925415	3.10736542168
18.84	10.3905277252	10.575		0.24104064703	3.37686993559
18.94	10.4202432632	10.62		0.294211387634	3.66897370167
19.04	10.4528226852	10.669		0.325794786215	3.99276423308
19.14	10.4889822006	10.723		0.359806329012	4.31531420777
19.24	10.5328388214	10.782		0.434227585793	4.63657649863
19.34	10.5842142105	10.845		0.513753354549	4.94060297813
19.44	10.6379165649	10.912		0.53523427248	5.27282805278
19.54	10.698600769	10.984		0.600829184055	5.5768722319
19.64	10.7675189972	11.059		0.687391161919	5.86979607372
19.74	10.8409118652	11.139		0.733933329582	6.13113505979
19.84	10.9159164429	11.222		0.740845561028	6.49252167508
19.94	10.9923524857	11.309		0.764364778996	6.81391731982
20.04	11.0730848312	11.399		0.807326674461	7.15688546243
20.14	11.1597251892	11.493		0.857821166515	7.45614640147
20.24	11.2435007095	11.59		0.835967898369	7.87266169214
20.34	11.333899498	11.691		0.895040631294	8.20959355771
20.44	11.4255514145	11.794		0.905674695969	8.62152638875
20.54	11.5159502029	11.901		0.902200937271	9.03328207627
20.64	11.6174478531	12.01		1.00492680073	9.39482507887
20.74	11.7189455032	12.123		1.00492680073	9.78152551136
20.84	11.8263502121	12.237		1.07404875755	10.1694127176
20.94	11.9403781891	12.355		1.12899184227	10.4612521836
21.04	12.0578079224	12.475		1.17429339886	10.8290711491
21.14	12.173625946	12.597		1.1563924551	11.2148282997
21.24	12.2912340164	12.721		1.16266667843	11.6118798217
21.34	12.4118852615	12.847		1.20651483536	11.9734091
21.44	12.5359382629	12.976		1.22824382782	12.3469393621
21.54	12.6616020203	13.106		1.2548469305	12.7426666901
21.64	12.7897720337	13.238		1.28169822693	13.08800102
21.74	12.9197320938	13.371		1.28495931625	13.4879305309
21.84	13.0532722473	13.506		1.33361053467	13.811840924
21.94	13.1875286102	13.643		1.34077095985	14.1927933153
22.04	13.3280496597	13.78		1.37766051292	14.529307996
22.14	13.4714355469	13.919		1.43206501007	14.7776734818
22.24	13.6184015274	14.059		1.46786665916	15.0657853296
22.34	13.7709159851	14.2		1.49348926544	15.2978240698
22.44	13.9275484085	14.341		1.56453096867	15.4487996813
22.54	14.0863285065	14.484		1.5860118866	15.5893613054
22.64	14.2542381287	14.626		1.67730605602	15.6423840493
22.74	14.4226846695	14.77		1.68267631531	15.6522051264
22.84	14.5954275131	14.913		1.70855271816	15.6884912838
22.94	14.7712135315	15.057		1.7560697794	15.5637857557
23.04	14.9473571777	15.201		1.76143991947	15.498789291
23.14	15.1326303482	15.345		1.81465101242	14.9738997752
23.24	15.3125333786	15.489		1.79724168777	14.8259063911
23.34	15.492436409	15.633		1.79903173447	14.8259063911
23.44	15.6777095795	15.776		1.83439004421	14.7078660688
23.54	15.6777095795	15.919		1.83439004421	14.5810085046
23.64	16.0534477234	16.061		1.87958538532	17.651351569
23.74	16.0534477234	16.203		1.87958538532	10.2075801086
23.84	16.2482089996	16.343		1.92655289173	17.8399892343
23.94	16.4501304626	16.483		1.99744713306	12.914269117
24.04	16.6475772858	16.622		1.95313811302	13.1605690097
24.14	16.8448448181	16.76		1.97087955475	12.4887096914
24.24	17.0433654785	16.896		1.9834100008	11.7575083236
24.34	17.2438545227	17.031		1.98149561882	10.934442548
24.44	17.4396896362	17.164		1.95655870438	10.1119957188
24.54	17.64179039	17.296		2.01921153069	9.06322997667
24.64	17.8383407593	17.426		1.92521464825	8.15355354121
24.74	18.0375766754	17.555		1.99057030678	6.95932579751
24.84	18.2319793701	17.681		1.94223821163	5.84454168294
24.94	18.4145679474	17.805		1.8060323	4.77218779779
25.04	18.5855197906	17.927		1.70773744583	3.71204577508
25.14	18.7306957245	18.047		1.43738210201	2.91993012932
25.24	18.8526000977	18.165		1.21904528141	2.21210964231
25.34	18.9616165161	18.279		1.09015953541	1.50978159294
25.44	19.0543422699	18.392		0.916308879852	0.885014715598
25.54	19.1241550446	18.501		0.696341633797	0.513558077816
25.64	19.1585254669	18.607		0.343695580959	0.388353811049
25.74	19.1669387817	18.711		0.0833008140326	0.492233334227
25.84	19.1669387817	18.811		0.0	0.665567651552
25.94	19.1671180725	18.909		0.00179008126725	0.82240066103
26.04	19.1687297821	19.002		0.0159512199461	1.0912527819
26.14	19.1687297821	19.093		0.0	1.37919959505
26.24	19.1687297821	19.18		0.0	1.81556422922
26.34	19.1708774567	19.263		0.0193047970533	2.20247953044
26.44	19.1780376434	19.342		0.0716032460332	2.66946731612
26.54	19.1912841797	19.417		0.131154447794	3.1220280808
26.64	19.207036972	19.489		0.155737057328	3.61352601084
26.74	19.2202835083	19.556		0.1324660182	4.21301876419
26.84	19.23138237	19.619		0.109886169434	4.8154570284
26.94	19.2415866852	19.678		0.102034628391	5.47854772365
27.04	19.2575187683	19.732		0.159317225218	6.09592492542
27.14	19.2813262939	19.781		0.235723555088	6.6423837962
27.24	19.315158844	19.826		0.334975600243	7.10482429841
27.34	19.3531093597	19.866		0.379497230053	7.57047333329
27.44	19.3967876434	19.901		0.43068292737	7.94109815153
27.54	19.4422550201	19.931		0.454680621624	8.28082737689
27.64	19.490228653	19.955		0.474991887808	8.56047885275
27.74	19.5466156006	19.975		0.563875555992	8.65947116032
27.84	19.6076564789	19.989		0.610417664051	8.72712475605
27.94	19.6755008698	19.997		0.671723484993	8.60207006121
28.04	19.7499675751	20.0		0.742883741856	8.33219129303
28.14	19.8281936646	20.0		0.782265484333	7.96194356424
28.24	19.9110736847	20.0		0.810801506042	7.4995873423
28.34	19.9984302521	20.0		0.873559653759	6.93191934244
28.44	20.0959892273	20.0		0.973804235458	6.16848511517
28.54	20.1965923309	20.0		0.994292616844	5.3217742188
28.64	20.3034610748	20.0		1.06688833237	4.29021288729
28.74	20.4020938873	20.0		0.98633480072	3.29632095467
28.84	20.4964313507	20.0		0.923120319843	2.23174165026
28.94	20.5753746033	20.0		0.789425849915	1.21238948033
29.04	20.6206645966	20.0		0.448406517506	0.458377187314
29.14	20.6695346832	20.0		0.488692164421	0.458377187314
29.24	20.6947746277	20.0		0.252401441336	0.458377187314
29.34	20.6992492676	20.0		0.0438745394349	-2.00836393083
29.44	20.7155399323	20.0		0.162897393107	-2.93365549871
29.54	20.6777687073	20.0		-0.377707123756	-3.17190667519
29.64	20.6190547943	20.0		-0.581333339214	-3.36718775417
29.74	20.5490627289	20.0		-0.699921786785	-3.45883708348
29.84	20.4740581512	20.0		-0.750044047832	-3.48087329067
29.94	20.3942203522	20.0		-0.790471494198	-3.4011562179
30.04	20.3099079132	20.0		-0.833008110523	-3.20737646105
30.14	20.2250576019	20.0		-0.840097546577	-2.93977032649
30.24	20.1411018372	20.0		-0.837758004665	-2.59357497723
30.34	20.0542831421	20.0		-0.857821166515	-1.89223803973
30.44	19.9755191803	20.0		-0.778065025806	-1.69124334134
30.54	19.9053478241	20.0		-0.701711833477	-1.17015919916
30.64	19.8416213989	20.0		-0.637268900871	-0.672309066634
30.74	19.7877407074	20.0		-0.533479571342	-0.193909126115
30.84	19.7621421814	20.0		-0.255981624126	0.0588214195194
30.94	19.7252674103	20.0		-0.368756741285	0.609572194544
31.04	19.7019958496	20.0		-0.230406492949	0.9897824073
31.14	19.6889286041	20.0		-0.130675926805	1.34268306529
31.24	19.6828422546	20.0		-0.0608627647161	1.67549635669
31.34	19.6772937775	20.0		-0.0544044338167	2.0475410758
31.44	19.6606464386	20.0		-0.164687469602	2.56604914498
31.54	19.6758613586	20.0		0.149173438549	2.67391238092
31.64	19.6966266632	20.0		0.207649424672	2.83819967996
31.74	19.7166748047	20.0		0.200489118695	3.02306017858
31.84	19.7326068878	20.0		0.157739818096	3.23804565631
31.94	19.7501487732	20.0		0.175427958369	3.40246831135
32.04	19.7680492401	20.0		0.179008126259	3.55072198122
32.14	19.7870235443	20.0		0.187869921327	3.67102651844
32.24	19.7984809875	20.0		0.114565201104	3.86710578577
32.34	19.8095798492	20.0		0.110985040665	4.01793654813
32.44	19.8267650604	20.0		0.168373957276	4.08597313757
32.54	19.848783493	20.0		0.220179989934	4.09822388988
32.64	19.8708019257	20.0		0.217999994755	4.1118615149
32.74	19.8960418701	20.0		0.249902427197	4.0634369166
32.84	19.9262943268	20.0		0.302523732185	3.93963671219
32.94	19.9628124237	20.0		0.361560970545	3.57046920329
33.04	20.0011196136	20.0		0.383077383041	3.42551855158
33.14	20.0437240601	19.999		0.42603930831	3.29381066837
33.24	20.0900878906	19.997		0.45904058218	2.76802356754
33.34	20.1350193024	19.994		0.444861769676	2.32050379555
33.44	20.1727905273	19.989		0.377707123756	1.89283574911
33.54	20.1872901917	19.983		0.143560960889	1.64315635953
33.64	20.2016105652	19.976		0.143206492066	1.27975275592
33.74	20.2053699493	19.968		0.0375917032361	1.00980049032
33.84	20.2053699493	19.958		0.0	0.714370159417
33.94	20.2053699493	19.947		0.0	0.35426402094
34.04	20.2053699493	19.935		0.0	0.35426402094
34.14	20.2053699493	19.921		0.0	0.35426402094
34.24	20.2053699493	19.906		0.0	-0.498682919124
34.34	20.2071609497	19.89		0.0177235770971	-1.36737286342
34.44	20.2234516144	19.873		0.162897393107	-1.94684237305
34.54	20.2023277283	19.855		-0.209439501166	-2.12615452065
34.64	20.1661682129	19.835		-0.358016252518	-2.2942653858
34.74	20.1178359985	19.814		-0.483321934938	-2.39787825294
34.84	20.0646705627	19.792		-0.526390254498	-2.46120328767
34.94	20.0082836151	19.769		-0.558292686939	-2.48461308233
35.04	19.9481372833	19.745		-0.601467251778	-2.44783302214
35.14	19.8860206604	19.719		-0.619368195534	-2.37887593226
35.24	19.8228302002	19.693		-0.625642240047	-2.30419873251
35.34	19.7594604492	19.665		-0.633688807487	-1.85268489852
35.44	19.7028942108	19.636		-0.560065031052	-1.81103748565
35.54	19.6475811005	19.606		-0.553135097027	-1.7477325932
35.64	19.5951309204	19.575		-0.52449375391	-1.73503187285
35.74	19.5516319275	19.543		-0.43068292737	-1.7985010786
35.84	19.5135040283	19.51		-0.375739842653	-1.86584685311
35.94	19.4760913849	19.475		-0.37412700057	-1.90649441016
36.04	19.4384994507	19.44		-0.372195124626	-1.96696422171
36.14	19.3975067139	19.403		-0.409928590059	-1.94659764526
36.24	19.3529338837	19.366		-0.445730239153	-1.96821757282
36.34	19.3092556	19.327		-0.432455211878	-1.96879670693
36.44	19.2671890259	19.287		-0.416504055262	-2.02956007151
36.54	19.2233314514	19.246		-0.438569933176	-2.03634916204
36.64	19.1792945862	19.205		-0.43599998951	-2.06223466906
36.74	19.1350803375	19.162		-0.442150056362	-2.06045679938
36.84	19.0912227631	19.118		-0.434227585793	-1.80755634243
36.94	19.0507659912	19.073		-0.404558360577	-2.03164287409
37.04	19.006729126	19.028		-0.440359979868	-2.05375595496
37.14	18.9634094238	18.981		-0.428910583258	-2.0746224094
37.24	18.9202690125	18.933		-0.431409567595	-2.13354877094
37.34	18.8744430542	18.885		-0.458260804415	-2.14033389494
37.44	18.8266487122	18.835		-0.473219513893	-2.13101369525
37.54	18.7770633698	18.785		-0.4958525002	-2.15961634385
37.64	18.7290897369	18.733		-0.47974178195	-2.15961634385
37.74	18.680398941	18.68		-0.48208129406	-2.21152282216
37.84	18.680398941	18.627		-0.48208129406	-2.21152282216
37.94	18.5722770691	18.573		-0.574243843555	-3.41063680211
38.04	18.538444519	18.518		-0.336535304785	-0.834172646588
38.14	18.538444519	18.462		-0.336535304785	-2.59989611634
38.24	18.3979225159	18.405		-0.62386995554	-3.29508284988
38.34	18.3979225159	18.347		-0.62386995554	-0.71502444987
38.44	18.3619422913	18.289		-0.359806329012	-3.90406479125
38.54	18.2724380493	18.229		-0.895040631294	-1.80240992105
38.64	18.2139015198	18.169		-0.579560935497	-2.30025289243
38.74	18.153755188	18.108		-0.601467251778	-2.27104949876
38.84	18.0952186584	18.046		-0.583566427231	-2.30116180125
38.94	18.0357875824	17.983		-0.588422775269	-2.31785256223
39.04	17.9767150879	17.919		-0.584877967834	-2.34138621128
39.14	17.9199695587	17.855		-0.567455708981	-2.37978170944
39.24	17.8616123199	17.79		-0.57778865099	-2.37792047102
39.34	17.8070144653	17.724		-0.54597479105	-2.43256197195
39.44	17.7490158081	17.657		-0.572471559048	-2.44429390404
39.54	17.6876163483	17.59		-0.613997876644	-2.43454413624
39.64	17.628364563	17.521		-0.592516899109	-2.44369753128
39.74	17.5648174286	17.452		-0.629186928272	-2.46278658244
39.84	17.5035972595	17.383		-0.610417664051	-2.46659828772
39.94	17.4427337646	17.312		-0.608627617359	-2.47184639758
40.04	17.3816928864	17.241		-0.598448693752	-2.83372389025
40.14	17.3177871704	17.169		-0.637268900871	-2.96106971752
40.24	17.2467212677	17.096		-0.710662305355	-3.0513850723
40.34	17.1735076904	17.023		-0.72312194109	-3.15768185841
40.44	17.0956382751	16.949		-0.778685331345	-3.17841048199
40.54	17.0159797668	16.874		-0.786926865578	-2.9455761568
40.64	16.9368572235	16.799		-0.791215956211	-2.89849722845
40.74	16.8520069122	16.723		-0.846708416939	-2.80223743519
40.84	16.7707366943	16.646		-0.804650425911	-2.81588329066
40.94	16.6934051514	16.569		-0.773315131664	-2.84247929767
41.04	16.6175060272	16.491		-0.757204353809	-2.84956093092
41.14	16.5433959961	16.413		-0.731983721256	-2.89696025996
41.24	16.4682121277	16.333		-0.750044047832	-2.88850836644
41.34	16.39320755	16.254		-0.740845561028	-2.94519124629
41.44	16.3165912628	16.173		-0.756796658039	-2.90938976243
41.54	16.2405128479	16.092		-0.75325191021	-2.96408913849
41.64	16.1633605957	16.011		-0.769734919071	-3.25495646004
41.74	16.0842380524	15.929		-0.781609714031	-3.38458936449
41.84	15.9993877411	15.846		-0.848498523235	-3.4535590735
41.94	15.9165067673	15.763		-0.818829238415	-3.58686641168
42.04	15.8293294907	15.679		-0.869979441166	-3.32481226804
42.14	15.736782074	15.595		-0.925472080708	-3.24539311524
42.24	15.6528272629	15.51		-0.829463362694	-3.27516677915
42.34	15.5638599396	15.425		-0.889670312405	-3.23446660447
42.44	15.4747142792	15.339		-0.882634043694	-3.2144856531
42.54	15.3904018402	15.253		-0.834780395031	-3.26663205563
42.64	15.3028669357	15.166		-0.875349700451	-3.23294740007
42.74	15.2178382874	15.079		-0.841869831085	-3.27865137072
42.84	15.1311979294	14.991		-0.857821166515	-3.266970443
42.94	15.0436630249	14.903		-0.873559653759	-3.27645028254
43.04	14.960603714	14.814		-0.830597698689	-3.30838989958
43.14	14.8752164841	14.725		-0.853868722916	-3.32225852262
43.24	14.7866077423	14.635		-0.886090219021	-3.29319223097
43.34	14.7010421753	14.545		-0.847186923027	-3.34486302674
43.44	14.6140441895	14.455		-0.868189394474	-3.33082678578
43.54	14.5243606567	14.364		-0.896830677986	-3.30620056131
43.64	14.4355726242	14.273		-0.879089355469	-3.65064458298
43.74	14.3466053009	14.181		-0.889670312405	-3.77914506645
43.84	14.2576379776	14.089		-0.889670312405	-3.93518351434
43.94	14.1643743515	13.997		-0.914345443249	-4.01792977367
44.04	14.0655622482	13.904		-0.988124847412	-3.72293247216
44.14	13.9662122726	13.811		-0.98365855217	-3.68472116054
44.24	13.8656101227	13.718		-0.996065020561	-3.625869143
44.34	13.76608181	13.624		-0.995285153389	-3.592883662
44.44	13.6636896133	13.53		-1.01201617718	-3.5753555411
44.54	13.5657720566	13.436		-0.979174494743	-3.58122184229
44.64	13.4662437439	13.341		-0.995285153389	-3.56213850134
44.74	13.3659992218	13.246		-0.992520213127	-3.57874163766
44.84	13.2659339905	13.151		-1.00065541267	-3.56380395516
44.94	13.1651525497	13.055		-1.00781571865	-3.55346734916
45.04	13.0665187836	12.959		-0.976569056511	-3.60001740873
45.14	12.9641265869	12.863		-1.0221363306	-3.56121426741
45.24	12.8619127274	12.767		-1.02034628391	-3.55604806103
45.34	12.7636375427	12.67		-0.973024368286	-3.59539517343
45.44	12.6658992767	12.573		-0.975594222546	-3.62577557272
45.54	12.5660123825	12.476		-0.987203240395	-3.6198862389
45.64	12.4668416977	12.379		-0.991705000401	-3.61906270904
45.74	12.3669548035	12.281		-0.998865365982	-3.6138189141
45.84	12.2690372467	12.183		-0.969479680061	-3.66300847972
45.94	12.1705827713	12.085		-0.984544754028	-3.65371295003
46.04	12.0680112839	11.987		-1.0257165432	-3.61858719037
46.14	11.9683036804	11.889		-0.987203240395	-3.64526069559
46.24	11.865732193	11.791		-1.02392649651	-3.61513460696
46.34	11.7606544495	11.692		-1.05077767372	-3.58184070747
46.44	11.6564712524	11.593		-1.03151226044	-3.60868607337
46.54	11.549782753	11.494		-1.0545527935	-3.58024364937
46.64	11.4454212189	11.395		-1.04361736774	-3.58298990581
46.74	11.3417758942	11.296		-1.01437938213	-3.60905435383
46.84	11.2393836975	11.197		-1.02392649651	-3.60699660194
46.94	11.1368122101	11.097		-1.01378846169	-3.61870907549
47.04	11.0347776413	10.998		-1.01024389267	-3.64959043101
47.14	10.9377555847	10.898		-0.968433916569	-3.66819870436
47.24	10.8353633881	10.798		-1.01378846169	-3.66817916493
47.34	10.7372665405	10.699		-0.980964541435	-3.69356003169
47.44	10.6395282745	10.599		-0.977384328842	-3.68460113135
47.54	10.5396413803	10.499		-0.988975524902	-3.70669324861
47.64	10.442440033	10.399		-0.972014188766	-3.72020660343
47.74	10.3430900574	10.299		-0.993495106697	-3.70806407973
47.84	10.2444562912	10.199		-0.976569056511	-3.72202638079
47.94	10.1420640945	10.099		-1.02392649651	-3.68220338377
48.04	10.0455789566	9.999		-0.955300807953	-3.73539987886
48.14	9.9419336319	9.899		-1.03645706177	-3.67233578616
48.24	9.8416891098	9.799		-1.00244545937	-3.68932774176
48.34	9.73875904083	9.699		-1.01910555363	-3.67273508958
48.44	9.63744068146	9.599		-1.01318585873	-3.67284811936
48.54	9.53952312469	9.499		-0.977384328842	-3.70420692052
48.64	9.43999481201	9.399		-0.985430836678	-3.7058461497
48.74	9.3485212326	9.3		-0.914731502533	-3.7741917489
48.84	9.25651073456	9.2		-0.918311715126	-3.77236590588
48.94	9.16539573669	9.1		-0.902130007744	-3.82777214528
49.04	9.0744600296	9.001		-0.898585319519	-3.84191745668
49.14	8.97815322876	8.901		-0.961273610592	-3.77605130914
49.24	8.88578510284	8.802		-0.914536595345	-3.83448372022
49.34	8.79252147675	8.702		-0.930842280388	-3.80000952214
49.44	8.7005109787	8.603		-0.91099178791	-3.84430108667
49.54	8.60420417786	8.504		-0.963063716888	-3.77631833505
49.64	8.5155954361	8.405		-0.884300112724	-3.84083767985
49.74	8.42197418213	8.306		-0.925170660019	-3.81750793711
49.84	8.32763671875	8.208		-0.943372786045	-3.79916360809
49.94	8.23598480225	8.109		-0.916521608829	-3.79373036341
50.04	8.14218425751	8.011		-0.926943063736	-3.81239481309
50.14	8.05035305023	7.913		-0.918311715126	-3.792524652
50.24	7.95386743546	7.815		-0.96485376358	-3.75461402942
50.34	7.85935115814	7.717		-0.935804843903	-3.76723519486
50.44	7.76555109024	7.62		-0.936212480068	-3.76562069893
50.54	7.67228794098	7.522		-0.921625971794	-3.75470669094
50.64	7.5779504776	7.425		-0.941582739353	-3.76467868389
50.74	7.48450803757	7.328		-0.934422433376	-3.74136062663
50.84	7.39213991165	7.232		-0.912764191628	-3.76334091918
50.94	7.2992348671	7.135		-0.929052114487	-3.73053604809
51.04	7.20955181122	7.039		-0.896830677986	-4.10904248843
51.14	7.11772060394	6.943		-0.909219503403	-4.23431570156
51.24	7.02141427994	6.848		-0.951756119728	-4.32642611737
51.34	6.92170667648	6.752		-0.997075200081	-4.34917542507
51.44	6.82164096832	6.657		-0.988975524902	-4.44326516419
51.54	6.7172794342	6.563		-1.04182732105	-4.13714977076
51.64	6.61202287674	6.468		-1.05256783962	-4.13714977076
51.74	6.50927209854	6.374		-1.0275067091	-4.03913719809
51.84	6.40544748306	6.28		-1.03645706177	-4.03369118619
51.94	6.30448675156	6.186		-0.999609708786	-3.96752269087
52.04	6.30448675156	6.094		-0.999609708786	-3.97940329998
52.14	6.20531606674	6.001		-0.989914894104	-6.53143858754
52.24	6.10399723053	5.909		-1.01139593124	-4.35699625108
52.34	5.99856138229	5.817		-1.04391849041	-4.83578864876
52.44	5.89348363876	5.725		-1.05077767372	-4.82539522953
52.54	5.7860789299	5.634		-1.07225871086	-4.51250309132
52.64	5.67813682556	5.543		-1.06695914268	-4.39989713467
52.74	5.57234287262	5.453		-1.0579379797	-4.34416466368
52.84	5.46726512909	5.363		-1.04898750782	-4.28268717476
52.94	5.36433553696	5.274		-1.01910555363	-4.28200507495
53.04	5.26588106155	5.184		-0.984544754028	-4.27538914828
53.14	5.16957473755	5.096		-0.953528344631	-4.32761128233
53.24	5.07362651825	5.008		-0.957693517208	-4.2823932676
53.34	4.97606706619	4.92		-0.965934872627	-4.28526725293
53.44	4.87904453278	4.833		-0.960617780685	-4.28699323705
53.54	4.782558918	4.746		-0.96485376358	-4.26020740362
53.64	4.68356752396	4.659		-0.980113744736	-4.24722058149
53.74	4.58224868774	4.574		-1.00315451622	-3.88322014155
53.84	4.47985601425	4.488		-1.02392649651	-3.59080641418
53.94	4.37907457352	4.404		-0.996065020561	-3.40684030951
54.04	4.27865123749	4.319		-0.992520213127	-3.11527635101
54.14	4.18270301819	4.236		-0.949983775616	-2.94633174992
54.24	4.09051370621	4.152		-0.912764191628	-2.70657334556
54.34	4.00459003448	4.07		-0.859239041805	-2.59274313405
54.44	3.92600536346	3.988		-0.785845637321	-2.45377628084
54.54	3.85135889053	3.906		-0.739073038101	-2.39008023358
54.64	3.78261971474	3.825		-0.685601115227	-2.37149195899
54.74	3.72104096413	3.745		-0.615787923336	-2.39726572429
54.84	3.66340041161	3.665		-0.570699155331	-2.45801961453
54.94	3.60611772537	3.586		-0.572825968266	-2.79561918633
55.04	3.54597091675	3.507		-0.593739748001	-2.86382765549
55.14	3.48564529419	3.43		-0.597284495831	-2.93598167158
55.24	3.42335057259	3.352		-0.622948229313	-2.91861531567
55.34	3.35854959488	3.276		-0.646219372749	-2.95544895091
55.44	3.29124259949	3.2		-0.66640651226	-2.90133693781
55.54	3.22429347038	3.124		-0.667700350285	-2.90865919463
55.64	3.15734434128	3.05		-0.661089420319	-2.91251859017
55.74	3.08967924118	2.976		-0.676650702953	-2.85463127787
55.84	3.02290916443	2.902		-0.667700350285	-2.86316358184
55.94	2.95667624474	2.83		-0.655772328377	-2.86838979617
56.04	2.89026427269	2.758		-0.664120137691	-2.81652360068
56.14	2.824031353	2.687		-0.662330031395	-2.82086401395
56.24	2.7577984333	2.616		-0.655772328377	-3.10668999544
56.34	2.69049143791	2.546		-0.67307060957	-3.23615437232
56.44	2.61870908737	2.477		-0.717822551727	-3.28481788447
56.54	2.54280972481	2.409		-0.74970728159	-3.01102272797
56.64	2.46905827522	2.342		-0.737513482571	-2.94471265444
56.74	2.39638090134	2.275		-0.726773023605	-2.89446631834
56.84	2.3249566555	2.209		-0.714242398739	-2.88029269698
56.94	2.25764966011	2.144		-0.67307060957	-2.87371785498
57.04	2.1939227581	2.079		-0.629186928272	-2.88796079189
57.14	2.1291217804	2.015		-0.648009419441	-2.88263774448
57.24	2.06539487839	1.953		-0.635478854179	-2.86939644753
57.34	2.00381612778	1.891		-0.609691023827	-2.8498757441
57.44	1.94187927246	1.83		-0.619368195534	-2.85361300645
57.54	1.88047945499	1.77		-0.613997876644	-2.83296146252
57.64	1.81890070438	1.71		-0.60791862011	-2.81757415442
57.74	1.75660586357	1.652		-0.622948229313	-2.80691465981
57.84	1.69466900826	1.594		-0.617578089237	-2.75933685795
57.94	1.63309025764	1.537		-0.609691023827	-2.76737884009
58.04	1.57294356823	1.481		-0.601467251778	-2.7475284837
58.14	1.51261782646	1.426		-0.591428816319	-2.7346711666
58.24	1.45211303234	1.372		-0.603257417679	-2.70456420867
58.34	1.39142930508	1.318		-0.606837570667	-2.67574981519
58.44	1.33199858665	1.266		-0.588422775269	-2.68658975075
58.54	1.27328395844	1.215		-0.587146699429	-2.64008101328
58.64	1.21528530121	1.164		-0.579986393452	-2.62685168168
58.74	1.15692865849	1.114		-0.57778865099	-2.62744839429
58.84	1.09821403027	1.066		-0.587146699429	-2.59344097255
58.94	1.03770923615	1.018		-0.603257417679	-2.53248594932
59.04	0.976846456528	0.971		-0.600829184055	-2.52885232749
59.14	0.91652071476	0.926		-0.603257417679	-2.49353907395
59.24	0.859238088131	0.881		-0.572825968266	-2.46697257014
59.34	0.801418483257	0.837		-0.578196227551	-2.11950644613
59.44	0.746463000774	0.795		-0.549554944038	-1.91898258846
59.54	0.693118572235	0.753		-0.526390254498	-1.69985822522
59.64	0.64478635788	0.712		-0.47853654623	-1.56494950262
59.74	0.599139273167	0.672		-0.456470727921	-1.39467903804
59.84	0.557251393795	0.634		-0.414731681347	-1.25724603868
59.94	0.521807789803	0.596		-0.354436069727	-1.14317239216
60.04	0.491197407246	0.56		-0.306103885174	-1.10331574888
60.14	0.471864521503	0.524		-0.191414624453	-1.12600723251
60.24	0.441970169544	0.49		-0.298943579197	-1.03125599267
60.34	0.421384245157	0.457		-0.203821122646	-1.3385207641
60.44	0.400977313519	0.424		-0.202048778534	-1.41496890565
60.54	0.37716922164	0.393		-0.238080814481	-1.45215572091
60.64	0.352287083864	0.363		-0.246357709169	-1.43485966174
60.74	0.322929739952	0.334		-0.293573349714	-1.40237324333
60.84	0.291782319546	0.307		-0.309684097767	-1.36958255961
60.94	0.260455906391	0.28		-0.30839022994	-1.32221770971
61.04	0.230203524232	0.255		-0.302523732185	-1.32479875114
61.14	0.199593126774	0.23		-0.30431380868	-1.27143869127
61.24	0.173278927803	0.207		-0.260536581278	-1.30418071781
61.34	0.146427705884	0.185		-0.268512189388	-1.25536976396
61.44	0.119755491614	0.164		-0.266722083092	-1.23911916594
61.54	0.0921882390976	0.145		-0.272943079472	-0.897282642812
61.64	0.0673061087728	0.126		-0.246357709169	-0.710855411395
61.74	0.056923635304	0.109		-0.103824712336	-1.03669393566
61.84	0.0254182033241	0.093		-0.31193497777	-0.521709579929
61.94	0.0089494548738	0.079		-0.164687469602	-0.453126863189
62.04	-0.00214904919267	0.065		-0.109886169434	-0.35375847964
62.14	-0.011636480689	0.053		-0.0948743075132	-0.297434233804
62.24	-0.0202288720757	0.042		-0.0859238952398	-0.193118736532
62.34	-0.030253328383	0.032		-0.0992520153522	-0.0948388992627
62.44	-0.0431419163942	0.024		-0.128885835409	0.0443830068967
62.54	-0.0572835579515	0.016		-0.141416430473	0.219818431521
62.64	-0.059073638171	0.011		-0.017549816519	0.202153495874
62.74	-0.0596106611192	0.006		-0.00537024345249	0.308659615531
62.84	-0.0635488405824	0.003		-0.0393817871809	0.384744021067
62.94	-0.0639068558812	0.001		-0.00354471523315	0.177192204213
63.04	-0.0639068558812	0.001		0.0	0.133323727508
