%1-Time(seg)	2-Pos_Encoder	3-x_ref	4-Velo_Encoder(m/s)	5-Torque(N.m)
3.22	-0.0179007984698	0.0		-0.383077383041	-0.820640177965
3.22	-0.0179007984698	0.0		-0.383077383041	-0.820640177965
3.32	-0.0408138409257	0.003		-0.225089401007	-1.077492415
3.42	-0.0782265365124	0.011		-0.37412700057	-0.387551221449
3.52	-0.0909361168742	0.026		-0.127095773816	-0.503584502552
3.62	-0.106151804328	0.045		-0.150650396943	-0.110136860249
3.72	-0.124052613974	0.07		-0.179008126259	0.344277245526
3.82	-0.128169804811	0.1		-0.0407642312348	0.558892618502
3.92	-0.134614095092	0.135		-0.0644429177046	1.08036851778
4.02	-0.134972110391	0.175		-0.00358016253449	1.51539968674
4.12	-0.143027469516	0.221		-0.0797560960054	2.32269565907
4.22	-0.108299896121	0.27		0.343837380409	2.06278284081
4.32	-0.085207849741	0.325		0.230920478702	2.67073856797
4.42	-0.0479741580784	0.384		0.365036159754	2.9757329286
4.52	0.00501224771142	0.447		0.528073966503	3.07895778019
4.62	0.065337985754	0.515		0.603257417679	3.30354658421
4.72	0.135330170393	0.587		0.69299185276	3.50598820644
4.82	0.210155576468	0.663		0.748254001141	3.73957601651
4.92	0.299838662148	0.743		0.896830677986	3.75042533743
5.02	0.400799244642	0.827		0.997837424278	3.75934136845
5.12	0.515006422997	0.915		1.14028167725	3.61056495523
5.22	0.639596104622	1.007		1.23178863525	3.45775851851
5.32	0.768481969833	1.102		1.28885853291	3.33302526949
5.42	0.893071651459	1.2		1.24410653114	3.38996661313
5.52	1.02052545547	1.302		1.26014637947	3.37310969531
5.62	1.13562774658	1.407		1.14923214912	3.6869637787
5.72	1.26039648056	1.515		1.24768662453	3.62044517145
5.82	1.3799738884	1.626		1.18393492699	3.83292432973
5.92	1.50313150883	1.74		1.22978591919	3.8749361722
6.02	1.62127685547	1.857		1.18145370483	4.10397214756
6.12	1.74389743805	1.976		1.2122926712	4.20804723887
6.22	1.86275887489	2.098		1.18682396412	4.40412263271
6.32	1.98663246632	2.222		1.2264714241	4.51644252408
6.42	2.11337018013	2.349		1.26737761497	4.57545977173
6.52	2.24153995514	2.478		1.27990806103	4.69724052804
6.62	2.37543797493	2.609		1.32572340965	4.72199937087
6.72	2.50647187233	2.742		1.30854940414	4.86935522552
6.82	2.63661074638	2.877		1.28673171997	5.06115387795
6.92	2.76836061478	3.013		1.30268275738	5.21250865089
7.02	2.90762901306	3.152		1.39089310169	5.16657860414
7.12	3.05405759811	3.292		1.46428644657	5.13012220985
7.22	3.2031712532	3.433		1.47460150719	5.11562563144
7.32	3.3569393158	3.576		1.53767979145	4.99442770773
7.42	3.51088619232	3.72		1.52422738075	4.7297814667
7.52	3.66787624359	3.865		1.56990122795	4.5509379537
7.62	3.8296995163	4.011		1.61823344231	4.37928915174
7.72	3.98901677132	4.157		1.57562589645	4.3824717494
7.82	4.14618587494	4.305		1.56990122795	4.34770019743
7.92	4.30639839172	4.453		1.60212266445	4.30550659594
8.02	4.45962953568	4.602		1.515365839	4.43046064223
8.12	4.61107063293	4.752		1.49764215946	4.51326329981
8.22	4.76215362549	4.901		1.50903844833	4.54169964225
8.32	4.91323661804	5.051		1.49586975574	4.55894024978
8.42	5.06736278534	5.201		1.52422738075	4.55200815962
8.52	5.22238397598	5.351		1.54842031002	4.50097891017
8.62	5.37561511993	5.501		1.515365839	4.55106635014
8.72	5.53171014786	5.651		1.55916059017	4.475851955
8.82	5.68297195435	5.8		1.49586975574	4.57846868052
8.92	5.83083248138	5.949		1.47860705853	4.61161017418
9.02	5.97529220581	6.097		1.44459557533	4.70605112702
9.12	6.11294937134	6.245		1.36117076874	4.88301964411
9.22	6.2554397583	6.392		1.4107966423	4.86313808831
9.32	6.40419530869	6.538		1.4875575304	4.71438049458
9.42	6.55026578903	6.683		1.44447147846	4.75127646638
9.52	6.6977686882	6.826		1.47323691845	4.67817335501
9.62	6.84330224991	6.969		1.45533597469	4.65370012733
9.72	6.99832344055	7.11		1.53308939934	4.50443318612
9.82	7.14099311829	7.25		1.42669475079	4.6120395583
9.92	7.28330469131	7.389		1.4090243578	4.65307629549
10.02	7.42525815964	7.525		1.41774427891	4.63871991621
10.12	7.57043361664	7.66		1.44996595383	4.52100917557
10.22	7.71578836441	7.793		1.43738210201	4.51714224347
10.32	7.85845804214	7.924		1.42669475079	4.48495468481
10.42	8.00041103363	8.053		1.41953444481	4.12508824872
10.52	8.14433383942	8.18		1.4232032299	3.87203947605
10.62	8.28664493561	8.304		1.42311453819	3.6026771147
10.72	8.42806148529	8.426		1.41416406631	3.30630818081
10.82	8.56482410431	8.545		1.33905100822	3.15774829173
10.92	8.70337677002	8.662		1.38552284241	2.75348919109
11.02	8.82886123657	8.776		1.25305688381	2.70582634739
11.12	8.94808101654	8.887		1.16881775856	2.62566827679
11.22	9.06568908691	8.995		1.17608332634	2.38842107487
11.32	9.17345237732	9.1		1.06518697739	2.37972309048
11.42	9.27656078339	9.201		1.02087807655	2.29178676133
11.52	9.37519454956	9.3		0.98633480072	2.17143798235
11.62	9.46971130371	9.395		0.934032440186	2.13536100867
11.72	9.56118488312	9.486		0.905674695969	2.0107488689
11.82	9.64567661285	9.574		0.844918370247	1.96481028884
11.92	9.72229194641	9.658		0.756796658039	2.0421857446
12.02	9.80033969879	9.738		0.778685331345	1.88796946398
12.12	9.86514091492	9.814		0.648009419441	2.04773420784
12.22	9.92815208435	9.886		0.62386995554	2.0602955017
12.32	9.99152088165	9.954		0.631898641586	1.97893055394
12.42	10.0541734695	10.017		0.620325148106	1.90082318455
12.52	10.1143198013	10.076		0.601467251778	1.79168980665
12.62	10.1708860397	10.13		0.565665721893	1.72983333727
12.72	10.2233352661	10.18		0.519300758839	1.67020985545
12.82	10.2739944458	10.225		0.504802882671	1.56597757314
12.92	10.318567276	10.265		0.445730239153	1.51602137425
13.02	10.3670787811	10.3		0.480308890343	1.25800275523
13.12	10.3858747482	10.33		0.187958538532	1.72805441094
13.22	10.4290161133	10.355		0.431409567595	1.14638628372
13.32	10.4372501373	10.375		0.0815284624696	1.70739304191
13.42	10.4632062912	10.389		0.259561806917	1.30205632499
13.52	10.4746627808	10.397		0.114565201104	1.40812319577
13.62	10.4793167114	10.4		0.0456295199692	1.44637664061
13.72	10.5067052841	10.4		0.273882418871	0.760585551965
13.82	10.5097484589	10.4		0.0301300808787	0.988073017987
13.92	10.5099277496	10.4		0.00179008126725	0.9985653712
14.02	10.5099277496	10.4		0.0	0.938439777711
14.12	10.5099277496	10.4		0.0	0.858711609712
14.22	10.5099277496	10.4		0.0	0.76669313928
14.32	10.5102853775	10.4		0.00354471523315	0.65720859131
14.42	10.5108222961	10.4		0.00531707331538	0.540909530553
14.52	10.511179924	10.4		0.00358016253449	0.540909530553
14.62	10.5113592148	10.4		0.00179008126725	0.426919666382
14.72	10.5113592148	10.4		0.0	0.313314784053
14.82	10.5113592148	10.4		0.0	0.199075952764
14.92	10.5113592148	10.4		0.0	0.0800715791
15.02	10.5113592148	10.4		0.0	0.0800715791
15.12	10.5113592148	10.4		0.0	-0.162309947117
15.22	10.5113592148	10.4		0.0	-0.284912860585
15.32	10.5113592148	10.4		0.0	-0.408115822205
15.42	10.515296936	10.4		0.0393817871809	-0.633059461331
15.52	10.535525322	10.4		0.202279180288	-1.22880409982
15.62	10.5190563202	10.4		-0.163056924939	-0.664183036351
15.72	10.4934577942	10.4		-0.255981624126	-0.342542164834
15.82	10.4852237701	10.4		-0.0823437348008	-0.601207218179
15.92	10.4340276718	10.4		-0.506894230843	0.596015644028
16.02	10.4247188568	10.4		-0.0930842235684	0.0688900483772
16.12	10.424539566	10.4		-0.00179008126725	0.0688900483772
16.22	10.424539566	10.4		0.0	-0.206527976387
16.32	10.4227495193	10.4		-0.0179008115083	-0.216145671304
16.42	10.4223918915	10.4		-0.00354471523315	-0.269613402097
16.52	10.4143362045	10.4		-0.0805536583066	-0.129949038933
16.62	10.4071760178	10.4		-0.0716032460332	-0.118671646226
16.72	10.3985834122	10.4		-0.0850731730461	-0.0745364687304
16.82	10.3862314224	10.4		-0.123515605927	0.0288650146703
16.92	10.3808612823	10.4		-0.0537024401128	0.0288650146703
17.02	10.378534317	10.4		-0.0230406485498	-0.164764140452
17.12	10.3708372116	10.4		-0.0762113779783	-0.0824788444634
17.22	10.3645715714	10.4		-0.0626528412104	-0.0992590023705
17.32	10.3568744659	10.4		-0.0762113779783	-0.0716744509064
17.42	10.3495349884	10.4		-0.0733933374286	-0.0700372573028
17.52	10.329665184	10.4		-0.198699012399	0.507165963064
17.62	10.3192825317	10.4		-0.10279674083	0.561602010249
17.72	10.3185663223	10.4		-0.00716032506898	0.489121621159
17.82	10.3185663223	10.4		0.0	0.534531835982
17.92	10.3183870316	10.4		-0.00179008126725	0.607754866997
18.02	10.3182077408	10.4		-0.00179008126725	0.682846308259
18.12	10.31802845	10.4		-0.00177235761657	0.762715450847
18.22	10.31802845	10.4		0.0	0.841715705264
18.32	10.31802845	10.4		0.0	0.926222744536
18.42	10.3178491592	10.4		-0.00177235761657	1.01717995082
18.52	10.3142690659	10.4		-0.0358016230166	1.19720205518
18.62	10.3112258911	10.4		-0.0304313823581	1.31663417391
18.72	10.3110466003	10.4		-0.00177235761657	1.37100254272
18.82	10.3110466003	10.4		0.0	1.45934674854
18.92	10.2992324829	10.4		-0.116355285048	1.8538813457
19.02	10.31802845	10.4		0.186097562313	1.31542854001
19.12	10.3191022873	10.4		0.010740486905	1.62798040718
19.22	10.3298425674	10.4		0.106341451406	1.4700094042
19.32	10.3434467316	10.4		0.136046171188	1.11373778533
19.42	10.3636751175	10.4		0.20027641952	0.860696554041
19.52	10.3731622696	10.4		0.0939349606633	0.962171483112
19.62	10.3815755844	10.4		0.0841338261962	0.961025098892
19.72	10.3892726898	10.4		0.076973490417	0.966137005982
19.82	10.3964328766	10.4		0.0708943083882	0.976332247343
19.92	10.4032354355	10.4		0.0680230855942	0.984663386296
20.02	10.4098587036	10.4		0.0662330091	0.992228964653
20.12	10.4166612625	10.4		0.0673495829105	0.993716922134
20.22	10.4241800308	10.4		0.0751834064722	0.978545244901
20.32	10.4315195084	10.4		0.0726666674018	0.979165299609
20.42	10.4385004044	10.4		0.069813169539	0.984229079171
20.52	10.4458398819	10.4		0.0733933374286	0.978722555658
20.62	10.4530000687	10.4		0.0708943083882	0.9817664244
20.72	10.4592657089	10.4		0.0626528412104	0.999299179853
20.82	10.4653520584	10.4		0.0602601617575	1.01109940148
20.92	10.4716176987	10.4		0.0602601617575	0.703748100176
21.02	10.4775247574	10.4		0.0590726844966	0.551690887191
21.12	10.4836111069	10.4		0.0608627647161	0.396025943906
21.22	10.4896974564	10.4		0.0602601617575	0.245035315376
21.32	10.4956045151	10.4		0.0590726844966	0.0927987751489
21.42	10.5015115738	10.4		0.0590726844966	0.0927987751489
21.52	10.5050916672	10.4		0.0354471541941	0.0927987751489
21.62	10.5050916672	10.4		0.0	-0.206107572546
21.72	10.5059871674	10.4		0.00886178854853	-0.326887500563
21.82	10.524066925	10.4		0.180798202753	-0.883781103088
21.92	10.5049133301	10.4		-0.187869921327	-0.266551083855
22.02	10.4999008179	10.4		-0.0496260076761	-0.493056370553
22.12	10.4877281189	10.4		-0.121725529432	-0.364532473466
22.22	10.4744815826	10.4		-0.1324660182	-0.301995836491
22.32	10.4651727676	10.4		-0.0921625941992	-0.0754952420367
22.42	10.4555063248	10.4		-0.096664391458	0.0154039454491
22.52	10.4501361847	10.4		-0.0537024401128	0.0154039454491
22.62	10.4472723007	10.4		-0.0283577218652	0.0154039454491
22.72	10.4447660446	10.4		-0.0250611398369	-0.0663319631094
22.82	10.4433336258	10.4		-0.014320650138	-0.0952964473022
22.92	10.4393959045	10.4		-0.0386095941067	-0.0523711190615
23.02	10.4288339615	10.4		-0.105614796281	0.0994027049192
23.12	10.4250745773	10.4		-0.0372195132077	0.0994027049192
23.22	10.4225683212	10.4		-0.0250611398369	0.0994027049192
23.32	10.4182720184	10.403		-0.0429619476199	-0.0102309750127
23.42	10.4179143906	10.411		-0.00354471523315	-0.025339766661
23.52	10.4125442505	10.426		-0.0537024401128	0.163198509482
23.62	10.4098587036	10.445		-0.0268512200564	0.271341710929
23.72	10.4098587036	10.47		0.0	0.294619263783
23.82	10.4098587036	10.5		0.0	0.423894673046
23.92	10.4098587036	10.535		0.0	0.924575665442
24.02	10.4098587036	10.575		0.0	1.36359214659
24.12	10.4098587036	10.62		0.0	1.87550008426
24.22	10.4048461914	10.669		-0.0501222796738	2.59546073447
24.32	10.4377832413	10.723		0.326113849878	2.33959110177
24.42	10.4606962204	10.782		0.226861774921	2.94303292401
24.52	10.4945287704	10.845		0.334975600243	3.23713710544
24.62	10.5391016006	10.912		0.445730239153	3.46183273032
24.72	10.5938777924	10.984		0.54597479105	3.66694359387
24.82	10.6631536484	11.059		0.685902357101	3.76130946888
24.92	10.738158226	11.139		0.750044047832	3.90633307319
25.02	10.8203229904	11.222		0.821647286415	4.08801163631
25.12	10.9121541977	11.309		0.907447099686	4.15911181007
25.22	11.0034484863	11.399		0.91115128994	4.42319624964
25.32	11.1033353806	11.493		0.997075200081	4.50774659519
25.42	11.2107400894	11.59		1.06164216995	4.60977994414
25.52	11.3222618103	11.691		1.11522054672	4.68761701099
25.62	11.4429130554	11.794		1.19456899166	4.69942158302
25.72	11.5598049164	11.901		1.15557730198	4.88326447145
25.82	11.6842155457	12.01		1.24410653114	4.90018155829
25.92	11.8120269775	12.122		1.26546347141	4.9355094776
26.02	11.9450302124	12.237		1.31508934498	4.92787882844
26.12	12.0751695633	12.355		1.29959893227	5.03662602055
26.22	12.2070989609	12.475		1.30622768402	5.12833505269
26.32	12.3417129517	12.597		1.34614121914	5.12584956148
26.42	12.480802536	12.721		1.38910317421	5.08482040068
26.52	12.6181020737	12.847		1.35939824581	5.17181687302
26.62	12.7539691925	12.976		1.35867166519	5.23521186351
26.72	12.8961019516	13.106		1.41953444481	5.18911956867
26.82	13.0362653732	13.238		1.37239563465	5.27614332935
26.92	13.1767864227	13.371		1.40342366695	5.01107950354
27.02	13.3176660538	13.506		1.39307296276	4.96677599996
27.12	13.4694652557	13.643		1.51798892021	4.7191668303
27.22	13.618221283	13.78		1.48576748371	4.71600507352
27.32	13.7666187286	13.919		1.46928441525	4.69112036852
27.42	13.912689209	14.059		1.4589163065	4.73159262517
27.52	14.0598335266	14.2		1.47144675255	4.71452768904
27.62	14.2033977509	14.341		1.41965854168	4.82244430962
27.72	14.3446350098	14.483		1.41058409214	4.86127979942
27.82	14.48533535	14.626		1.40521371365	4.91997561613
27.92	14.6280050278	14.77		1.41256904602	4.94560921588
28.02	14.7710323334	14.913		1.43027484417	4.94541386646
28.12	14.9128065109	15.057		1.40193498135	4.97627217495
28.22	15.0545806885	15.201		1.41774427891	4.9896697743
28.32	15.1970710754	15.345		1.42311453819	4.98007157906
28.42	15.3397407532	15.489		1.39696538448	5.03166589139
28.52	15.4868850708	15.633		1.46965670586	4.90612640069
28.62	15.631524086	15.776		1.44638562202	4.92174784172
28.72	15.7804584503	15.919		1.45838975906	4.86773548506
28.82	15.9442510605	16.061		1.63613438606	4.5155473667
28.92	16.1076850891	16.202		1.63255405426	4.38524135155
29.02	16.2761325836	16.343		1.66601622105	3.90053242235
29.12	16.4282894135	16.483		1.5197789669	3.91997332652
29.22	16.5849208832	16.622		1.55081307888	3.64730478741
29.32	16.7245464325	16.759		1.39447331429	3.76639705635
29.42	16.8629188538	16.896		1.37003231049	3.76639705635
29.52	16.9989643097	17.031		1.34699165821	3.70563042308
29.62	17.1208686829	17.164		1.21725523472	3.69365181921
29.72	17.2420578003	17.296		1.21188497543	3.89057956917
29.82	17.2420578003	17.426		1.21188497543	3.9300952025
29.92	17.3553695679	17.555		1.12190246582	7.6671085162
30.02	17.4783477783	17.681		1.22978591919	4.46920025687
30.12	17.6018638611	17.805		1.23515617847	2.02045416183
30.22	17.7026462555	17.927		0.996065020561	8.80924140678
30.32	17.8374385834	18.047		1.34614121914	4.56159495099
30.42	17.9588069916	18.164		1.19988620281	5.45598238326
30.52	18.086977005	18.279		1.26723563671	5.29372958082
30.62	18.2180118561	18.391		1.30854940414	4.86042011515
30.72	18.3460025787	18.501		1.26546347141	4.75125620494
30.82	18.4781112671	18.607		1.32107996941	4.52977139159
30.92	18.6052074432	18.711		1.27095770836	4.44998329508
31.02	18.7331981659	18.811		1.26546347141	4.38485292031
31.12	18.8638744354	18.908		1.30496931076	4.18617600146
31.22	18.9873905182	19.002		1.23336601257	3.87322994463
31.32	19.1116218567	19.093		1.23001623154	3.53440286421
31.42	19.2365703583	19.179		1.24768662453	3.0966529
31.52	19.3529262543	19.263		1.1635529995	2.77266804953
31.62	19.4671325684	19.342		1.12899184227	2.43846032347
31.72	19.5689888	19.417		1.01855623722	2.1768470802
31.82	19.6760349274	19.489		1.05809748173	1.64008610866
31.92	19.7676868439	19.556		0.916521608829	1.43963866141
32.02	19.8528938293	19.619		0.841869831085	1.12146237951
32.12	19.9239597321	19.678		0.703625977039	1.00181028259
32.22	19.9866123199	19.732		0.626528441906	0.819526465251
32.32	20.03565979	19.781		0.490482270718	0.78244106791
32.42	20.0668067932	19.826		0.30839022994	0.956724583718
32.52	20.0857810974	19.866		0.189748615026	1.14863662009
32.62	20.094373703	19.901		0.0859238952398	1.36107326879
32.72	20.0945529938	19.931		0.00175498158205	1.59033007826
32.82	20.1042194366	19.955		0.096664391458	1.41181846869
32.92	20.1194343567	19.975		0.15215690434	1.14172972868
33.02	20.1242675781	19.989		0.0478536561131	1.22094200928
33.12	20.1310691833	19.997		0.0680230855942	1.01637966701
33.22	20.1376934052	20.0		0.065577223897	0.8012592838
33.32	20.1437797546	20.0		0.0608627647161	0.572144963599
33.42	20.1496868134	20.0		0.0590726844966	0.342541517362
33.52	20.1559524536	20.0		0.0620325133204	0.141585719074
33.62	20.1618595123	20.0		0.0590726844966	0.141585719074
33.72	20.1654396057	20.0		0.0358016230166	-0.232360375783
33.82	20.1657981873	20.0		0.00350996316411	-0.351785359143
33.92	20.1670513153	20.0		0.0125305699185	-0.541263261215
34.02	20.1387672424	20.0		-0.28104275465	0.0287872130916
34.12	20.1316070557	20.0		-0.0708943083882	0.0287872130916
34.22	20.1314277649	20.0		-0.00179008126725	-0.598488790605
34.32	20.1307125092	20.0		-0.00708943046629	-0.760084258099
34.42	20.1237316132	20.0		-0.069813169539	-0.756400384548
34.52	20.1128120422	20.0		-0.10919495672	-0.729977292608
34.62	20.1069049835	20.0		-0.0584878027439	-0.882682077734
34.72	20.0922260284	20.0		-0.145333334804	-0.738389516534
34.82	20.0737876892	20.0		-0.184378370643	-0.604988880353
34.92	20.0515899658	20.0		-0.219772338867	-0.198037666357
35.02	20.0311832428	20.0		-0.204069256783	-0.0903925408717
35.12	20.0250968933	20.0		-0.0608627647161	-0.303754613108
35.22	20.0179367065	20.0		-0.0708943083882	-0.306796260562
35.32	20.0156097412	20.0		-0.0232710558921	-0.42113800136
35.42	20.0070171356	20.0		-0.0859238952398	-0.324628439815
35.52	19.9982452393	20.0		-0.0868455246091	-0.31021783044
35.62	19.9891166687	20.0		-0.0912941396236	-0.292183984842
35.72	19.9731845856	20.0		-0.157739818096	-0.139731962562
35.82	19.9515247345	20.0		-0.216599836946	0.0349370248611
35.92	19.9407844543	20.0		-0.107404880226	0.0349370248611
36.02	19.9373836517	20.0		-0.0336747914553	0.0349370248611
36.12	19.9329090118	20.0		-0.0447520315647	-0.335639528046
36.22	19.9255695343	20.0		-0.0733933374286	0.0108890847621
36.32	19.9191246033	20.0		-0.0638048797846	0.15034065186
36.42	19.9191246033	20.0		0.0	0.135555879373
36.52	19.9191246033	20.0		0.0	0.208621178316
36.62	19.9191246033	20.0		0.0	0.286716823986
36.72	19.9191246033	20.0		0.0	0.368434319298
36.82	19.9191246033	20.0		0.0	0.452759546354
36.92	19.9191246033	20.0		0.0	0.538962340265
37.02	19.9191246033	20.0		0.0	0.626516982311
37.12	19.9191246033	20.0		0.0	0.715044955015
37.22	19.9191246033	20.0		0.0	0.804273725793
37.32	19.9191246033	20.0		0.0	0.894007071183
37.42	19.9191246033	20.0		0.0	0.984103710295
37.52	19.9191246033	20.0		0.0	1.07446192089
37.62	19.9191246033	20.0		0.0	1.16500846294
37.72	19.9191246033	20.0		0.0	1.25569060365
37.82	19.9191246033	20.0		0.0	1.3464703754
37.92	19.9191246033	20.0		0.0	1.43732044148
38.02	19.9305820465	20.0		0.113430887461	0.933458189771
38.12	19.9406070709	20.0		0.100244559348	0.831410908503
38.22	19.9406070709	20.0		0.0	0.960873715669
38.32	19.9406070709	20.0		0.0	0.963235221502
38.42	19.9406070709	20.0		0.0	0.964935505701
38.52	19.9409656525	20.0		0.00354471523315	0.95754265054
38.62	19.9409656525	20.0		0.0	0.964483691038
38.72	19.9409656525	20.0		0.0	0.965834403767
38.82	19.9409656525	20.0		0.0	0.966806916933
38.92	19.9409656525	20.0		0.0	0.967507126412
39.02	19.9409656525	20.0		0.0	0.968011277236
39.12	19.9409656525	20.0		0.0	0.96837426583
39.22	19.9409656525	20.0		0.0	0.968635617618
39.32	19.9409656525	20.0		0.0	0.968823790905
39.42	19.9409656525	20.0		0.0	0.968959275672
39.52	19.9409656525	20.0		0.0	0.969056824704
39.62	19.9409656525	20.0		0.0	0.969127060007
39.72	19.9409656525	20.0		0.0	0.969177629425
39.82	19.9409656525	20.0		0.0	0.969214039406
39.92	19.9409656525	20.0		0.0	0.969240254593
40.02	19.9409656525	20.0		0.0	0.969259129527
40.12	19.9409656525	20.0		0.0	0.969272719479
40.22	19.9409656525	20.0		0.0	0.969282504245
40.32	19.9409656525	20.0		0.0	0.969289549277
40.42	19.9409656525	20.0		0.0	0.969294621699
40.52	19.9409656525	20.0		0.0	0.969298273844
40.62	19.9409656525	20.0		0.0	0.969300903388
40.72	19.9409656525	20.0		0.0	0.969302796659
40.82	19.9409656525	20.0		0.0	0.969304159815
40.92	19.9409656525	20.0		0.0	0.969305141287
41.02	19.9409656525	20.0		0.0	0.969305847947
41.12	19.9409656525	20.0		0.0	0.969306356742
41.22	19.9409656525	20.0		0.0	0.969306723074
41.32	19.9409656525	20.0		0.0	0.969306986833
41.42	19.9409656525	20.0		0.0	0.96930717674
41.52	19.9409656525	20.0		0.0	0.969307313473
41.62	19.9409656525	20.0		0.0	0.969307411921
41.72	19.9409656525	20.0		0.0	0.969307482803
41.82	19.9409656525	20.0		0.0	0.969307533838
41.92	19.9409656525	20.0		0.0	0.969307570584
42.02	19.9409656525	20.0		0.0	0.96930759704
42.12	19.9409656525	20.0		0.0	0.969307616089
42.22	19.9409656525	20.0		0.0	0.969307629804
42.32	19.9409656525	20.0		0.0	0.969307639679
42.42	19.9409656525	20.0		0.0	0.969307646789
42.52	19.9409656525	20.0		0.0	0.969307651908
42.62	19.9409656525	20.0		0.0	0.969307655594
42.72	19.9409656525	20.0		0.0	0.969307658248
42.82	19.9409656525	20.0		0.0	0.969307660159
42.92	19.9409656525	20.0		0.0	0.969307661534
43.02	19.9409656525	20.0		0.0	0.969307662525
43.12	19.9409656525	20.0		0.0	0.969307663238
43.22	19.9409656525	20.0		0.0	0.969307663751
43.32	19.9409656525	19.999		0.0	0.969307664121
43.42	19.9409656525	19.997		0.0	0.946818175751
43.52	19.9409656525	19.994		0.0	0.926816354172
43.62	19.9409656525	19.989		0.0	0.904648004657
43.72	19.9409656525	19.983		0.0	0.858430266391
43.82	19.9409656525	19.976		0.0	0.836066555546
43.92	19.9409656525	19.968		0.0	0.808239997732
44.02	19.9409656525	19.958		0.0	0.780437838128
44.12	19.9409656525	19.947		0.0	0.730163756598
44.22	19.9409656525	19.935		0.0	0.704879478602
44.32	19.9409656525	19.921		0.0	0.674950112441
44.42	19.9409656525	19.906		0.0	0.623144442189
44.52	19.9409656525	19.89		0.0	0.596757420314
44.62	19.9409656525	19.873		0.0	0.566034078559
44.72	19.9409656525	19.855		0.0	0.536146234517
44.82	19.9409656525	19.835		0.0	0.132850483374
44.92	19.9409656525	19.814		0.0	0.132850483374
45.02	19.9409656525	19.792		0.0	0.132850483374
45.12	19.9409656525	19.769		0.0	-0.275234103545
45.22	19.9409656525	19.745		0.0	-1.2766836076
45.32	19.9210948944	19.72		-0.196731716394	-1.03340295579
45.42	19.9071331024	19.693		-0.139626339078	-1.34955841247
45.52	19.8886947632	19.665		-0.184378370643	-1.54267709513
45.62	19.8629169464	19.636		-0.255219519138	-1.61573911435
45.72	19.8289051056	19.606		-0.336747914553	-1.60812138119
45.82	19.7895240784	19.575		-0.389918655157	-1.60192563557
45.92	19.7512168884	19.543		-0.383077383041	-1.70453857951
46.02	19.7123718262	19.51		-0.388447612524	-1.80731458811
46.12	19.6735267639	19.475		-0.38460162282	-1.94249679841
46.22	19.6327133179	19.44		-0.408138513565	-2.05281110601
46.32	19.5886764526	19.403		-0.440359979868	-2.07254316323
46.42	19.5435657501	19.366		-0.440500408411	-2.19240839309
46.52	19.4948749542	19.327		-0.485112011433	-2.19240839309
46.62	19.4948749542	19.287		-0.485112011433	-2.15557435657
46.72	19.3910503387	19.247		-0.552975594997	-3.32541817251
46.82	19.3382434845	19.205		-0.528073966503	-2.40618056443
46.92	19.3382434845	19.162		-0.528073966503	-2.40618056443
47.02	19.2870464325	19.118		-0.511963248253	-3.43017376684
47.12	19.2322692871	19.074		-0.537024378777	-2.43396246625
47.22	19.1749858856	19.028		-0.572825968266	-2.60509190518
47.32	19.1135864258	18.981		-0.606146335602	-2.56183046337
47.42	19.0514698029	18.933		-0.621158123016	-2.1908713654
47.52	18.9915027618	18.885		-0.599677205086	-2.13023823807
47.62	18.9351158142	18.835		-0.558292686939	-2.14036862417
47.72	18.8824882507	18.785		-0.526283919811	-2.2262354052
47.82	18.8343353271	18.733		-0.481531858444	-2.31411242558
47.92	18.7824230194	18.681		-0.513983666897	-2.32510178327
48.02	18.7274665833	18.627		-0.544113814831	-2.26154227131
48.12	18.6732273102	18.573		-0.542394638062	-2.29911809884
48.22	18.6189880371	18.518		-0.537024378777	-2.29742488291
48.32	18.570476532	18.462		-0.485112011433	-2.43023947974
48.42	18.5212497711	18.405		-0.487398326397	-2.47986483857
48.52	18.4664726257	18.347		-0.547764837742	-2.39847871821
48.62	18.4091892242	18.289		-0.572825968266	-2.34943124954
48.72	18.3520851135	18.229		-0.565382003784	-2.33780523745
48.82	18.2937278748	18.169		-0.583566427231	-2.3320972896
48.92	18.2394886017	18.108		-0.542394638062	-2.69855951747
49.02	18.1804161072	18.046		-0.577388882637	-2.80175381798
49.12	18.1181221008	17.983		-0.622948229313	-2.83498864666
49.22	18.0531425476	17.92		-0.649799466133	-2.86518507744
49.32	17.9874458313	17.855		-0.65045517683	-2.61649966641
49.42	17.9185276031	17.79		-0.687391161919	-2.52303659536
49.52	17.8526535034	17.724		-0.658749878407	-2.50794714729
49.62	17.7846298218	17.657		-0.666893005371	-2.48677669375
49.72	17.7173233032	17.59		-0.67307060957	-2.46996747759
49.82	17.6500167847	17.521		-0.66640651226	-2.46271753819
49.92	17.5828895569	17.452		-0.671280443668	-2.49009690176
50.02	17.5179100037	17.383		-0.648009419441	-2.52404203706
50.12	17.4500656128	17.312		-0.671723484993	-2.48712614256
50.22	17.3822212219	17.241		-0.678440749645	-2.81846949366
50.32	17.3154506683	17.169		-0.667700350285	-2.97220390355
50.42	17.2468910217	17.096		-0.678812980652	-3.11629571083
50.52	17.175825119	17.023		-0.710662305355	-3.19462152801
50.62	17.1027889252	16.949		-0.730353116989	-3.24708861753
50.72	17.0270690918	16.874		-0.747934877872	-3.30743737432
50.82	16.9513492584	16.799		-0.757204353809	-3.3752756241
50.92	16.8698997498	16.723		-0.804650425911	-3.31916264698
51.02	16.791852951	16.646		-0.780475497246	-3.12056421982
51.12	16.7155952454	16.569		-0.762574613094	-3.41320115291
51.22	16.6384429932	16.491		-0.763886153698	-3.19748760928
51.32	16.5632591248	16.413		-0.751834154129	-3.5197046024
51.42	16.4891490936	16.334		-0.739303529263	-3.67343541954
51.52	16.413608551	16.254		-0.74616253376	-3.81994079724
51.62	16.3352031708	16.173		-0.782265484333	-3.88496429115
51.72	16.2548294067	16.093		-0.803746461868	-3.95401887824
51.82	16.1764240265	16.011		-0.774520277977	-4.07298109481
51.92	16.0937213898	15.929		-0.8270175457	-4.12011644664
52.02	16.0077972412	15.846		-0.857448935509	-4.10529703672
52.12	15.9225893021	15.763		-0.843642294407	-4.19963733364
52.22	15.8361282349	15.679		-0.86460930109	-4.20529025502
52.32	15.7509202957	15.595		-0.841869831085	-4.32539948851
52.42	15.6639223099	15.51		-0.869979441166	-4.027978397
52.52	15.5813999176	15.425		-0.825227439404	-4.38000899907
52.62	15.5033521652	15.339		-0.772747993469	-4.62058526545
52.72	15.42100811	15.253		-0.821647286415	-4.70662356365
52.82	15.330072403	15.166		-0.909361243248	-4.61356483809
52.92	15.2407474518	15.079		-0.875735759735	-4.73754441574
53.02	15.1421136856	14.991		-0.984544754028	-4.26117454307
53.12	15.0501031876	14.903		-0.920101761818	-4.28860852837
53.22	14.9518280029	14.814		-0.963484823704	-4.14802002351
53.32	14.8528366089	14.725		-0.989914894104	-4.05558460531
53.42	14.7513389587	14.635		-1.00492680073	-3.9631675207
53.52	14.6466188431	14.546		-1.03682935238	-3.87176447144
53.62	14.539393425	14.455		-1.07046854496	-3.72596129839
53.72	14.4370012283	14.364		-1.01378846169	-3.82818727056
53.82	14.3351459503	14.273		-1.01855623722	-3.80328707582
53.92	14.2318582535	14.182		-1.03108668327	-3.77350554171
54.02	14.1335830688	14.09		-0.97125184536	-3.88235492941
54.12	14.0299377441	13.997		-1.03645706177	-3.80234210216
54.22	13.9287977219	13.904		-1.01139593124	-3.85345911101
54.32	13.8267631531	13.811		-1.01024389267	-3.52157881666
54.42	13.7232961655	13.718		-1.03287696838	-3.29156166651
54.52	13.6243047714	13.624		-0.989914894104	-3.19532402297
54.62	13.5240602493	13.53		-0.981034696102	-3.08423216618
54.72	13.4291858673	13.436		-0.94874304533	-3.01605036489
54.82	13.3359222412	13.341		-0.923398375511	-2.97029638323
54.92	13.2487449646	13.246		-0.863138079643	-3.06061907804
55.02	13.1617469788	13.15		-0.868189394474	-3.03867746793
55.12	13.0783290863	13.055		-0.825918734074	-3.15157984848
55.22	12.9967012405	12.959		-0.808195114136	-3.46348168573
55.32	12.9168634415	12.863		-0.796586155891	-3.62426444361
55.42	12.8346986771	12.767		-0.811739742756	-3.67745816489
55.52	12.7537870407	12.67		-0.807326674461	-3.74274961448
55.62	12.6698322296	12.573		-0.839548110962	-3.74097843097
55.72	12.5846242905	12.476		-0.843642294407	-3.74119910104
55.82	12.501206398	12.379		-0.832387804985	-3.77306918065
55.92	12.4084806442	12.281		-0.91808116436	-3.61185862368
56.02	12.3148593903	12.183		-0.936212480068	-3.55543854713
56.12	12.2210588455	12.086		-0.93800252676	-3.50741454365
56.22	12.1265420914	11.987		-0.935804843903	-3.46002949013
56.32	12.0302352905	11.889		-0.961273610592	-3.43760329535
56.42	11.9342870712	11.791		-0.957693517208	-3.38489556789
56.52	11.8378019333	11.692		-0.953528344631	-3.37903577625
56.62	11.7425699234	11.593		-0.952323257923	-3.3939756436
56.72	11.6464424133	11.494		-0.9594835639	-3.37028743083
56.82	11.5513887405	11.395		-0.939349472523	-3.40334133915
56.92	11.4590206146	11.296		-0.92189180851	-3.44439475556
57.02	11.368979454	11.197		-0.900410830975	-3.82133874139
57.12	11.2750005722	11.097		-0.939792692661	-3.92067412221
57.22	11.1833486557	10.998		-0.916521608829	-4.14632051017
57.32	11.0922336578	10.898		-0.902130007744	-4.32729657372
57.42	10.9991493225	10.798		-0.930842280388	-4.4786543244
57.52	10.9087505341	10.699		-0.903991103172	-4.70809685219
57.62	10.8149499893	10.599		-0.926943063736	-4.82601336738
57.72	10.7188224792	10.499		-0.961273610592	-4.94911953568
57.82	10.6268119812	10.399		-0.918311715126	-5.19662474143
57.92	10.5265674591	10.299		-0.992520213127	-5.21894325795
58.02	10.4302606583	10.199		-0.961273610592	-5.41616643426
58.12	10.3271522522	10.099		-1.02929675579	-5.41816385143
58.22	10.2238645554	9.999		-1.02087807655	-5.52515938128
58.32	10.1182498932	9.899		-1.05435788631	-5.54760428965
58.42	10.0083389282	9.799		-1.08822762966	-5.52745450028
58.52	9.89753246307	9.699		-1.10806024075	-5.50866494062
58.62	9.78278827667	9.599		-1.14744210243	-5.41655934477
58.72	9.66876029968	9.499		-1.12721955776	-5.41220541646
58.82	9.55240535736	9.4		-1.1635529995	-5.05917843361
58.92	9.44822216034	9.3		-1.04182732105	-5.16850656056
59.02	9.33705806732	9.2		-1.09886169434	-5.07253727729
59.12	9.2301902771	9.1		-1.06867849827	-5.0884254092
59.22	9.12403869629	9.001		-1.06151819229	-5.09258093365
59.32	9.01591777802	8.901		-1.06873166561	-5.05324537514
59.42	8.91084003448	8.802		-1.04898750782	-5.11186037038
59.52	8.80629920959	8.703		-1.04540741444	-5.1000908365
59.62	8.70533847809	8.603		-0.988054692745	-5.22491122296
59.72	8.60419845581	8.504		-1.01139593124	-5.23912212732
59.82	8.50109004974	8.405		-1.01086938381	-5.22762804637
59.92	8.40370941162	8.307		-0.972014188766	-5.32015538057
60.02	8.29594612122	8.208		-1.07583892345	-5.11940910003
60.12	8.1940908432	8.109		-0.99682956934	-5.2615869519
60.22	8.08901309967	8.011		-1.05077767372	-5.16676408301
60.32	7.98483037949	7.913		-1.04182732105	-5.14348522086
60.42	7.87903642654	7.815		-1.0371941328	-5.14780908839
60.52	7.7710943222	7.717		-1.07762885094	-5.060987517
60.62	7.66028833389	7.62		-1.10627019405	-4.9772862369
60.72	7.55180931091	7.522		-1.07227635384	-4.9772862369
60.82	7.44154024124	7.425		-1.10089993477	-4.59871728389
60.92	7.32697486877	7.328		-1.13253641129	-4.59871728389
61.02	7.21348381042	7.232		-1.13312149048	-4.26106085972
61.12	7.21348381042	7.135		-1.13312149048	-3.99157789226
61.22	7.10500478745	7.039		-1.08299911022	-6.54320478428
61.32	6.99276685715	6.943		-1.11126828194	-4.12300450553
61.42	6.88267707825	6.848		-1.09910988808	-4.61969744817
61.52	6.771692276	6.753		-1.10806024075	-4.21246937761
61.62	6.66231822968	6.658		-1.081138134	-4.03231074912
61.72	6.55133342743	6.563		-1.10985040665	-3.74423353265
61.82	6.44285440445	6.468		-1.08478927612	-3.54638874258
61.92	6.33831357956	6.374		-1.03505682945	-3.42232689849
62.02	6.23359394073	6.281		-1.04540741444	-3.18016816555
62.12	6.13317060471	6.187		-0.994292616844	-3.04967395013
62.22	6.03256797791	6.094		-0.996065020561	-2.88608193007
62.32	5.93823051453	6.001		-0.941582739353	-2.78576852825
62.42	5.84443044662	5.909		-0.926943063736	-2.67039362883
62.52	5.7534942627	5.817		-0.907571196556	-2.54297875466
62.62	5.66882324219	5.726		-0.846708416939	-2.56116079445
62.72	5.58594226837	5.634		-0.820601582527	-2.52382157921
62.82	5.50485134125	5.544		-0.809116721153	-2.53112583713
62.92	5.42805671692	5.453		-0.766154766083	-2.54423417631
63.02	5.35537958145	5.363		-0.717804789543	-2.6994045637
63.12	5.28485059738	5.274		-0.698308944702	-2.78876756754
63.22	5.21503734589	5.185		-0.698131680489	-3.11845735814
63.32	5.14540338516	5.096		-0.689447164536	-3.26350745962
63.42	5.07415819168	5.008		-0.710662305355	-3.31112877376
63.52	5.00094366074	4.92		-0.724894225597	-3.3133231801
63.62	4.92540216446	4.833		-0.753624260426	-3.28644963496
63.72	4.84968185425	4.746		-0.757204353809	-3.25955079891
63.82	4.77199220657	4.66		-0.767430841923	-3.24105818779
63.92	4.6946606636	4.574		-0.773315131664	-3.19768113468
64.02	4.62037229538	4.488		-0.742883741856	-3.25148283863
64.12	4.54160881042	4.404		-0.779837310314	-3.18497222736
64.22	4.4651722908	4.319		-0.764364778996	-3.15657043187
64.32	4.3898100853	4.236		-0.753624260426	-3.51137290658
64.42	4.31498479843	4.152		-0.733582317829	-3.67037985144
64.52	4.23210382462	4.07		-0.8270175457	-3.6583924856
64.62	4.15011787415	3.988		-0.811739742756	-3.71218141545
64.72	4.06616306305	3.906		-0.839548110962	-3.73902186729
64.82	3.97934412956	3.825		-0.868189394474	-3.7237405219
64.92	3.89055609703	3.745		-0.879089355469	-3.40548904584
65.02	3.80140995979	3.665		-0.891460478306	-3.27513457901
65.12	3.7142329216	3.586		-0.869979441166	-3.2486801417
65.22	3.62544488907	3.508		-0.877317070961	-3.17111181629
65.32	3.53737282753	3.43		-0.878929972649	-3.11338662292
65.42	3.45323896408	3.352		-0.841338157654	-3.16517256709
65.52	3.36838912964	3.276		-0.831861317158	-3.18427364643
65.62	3.27906417847	3.2		-0.891460478306	-3.02592848854
65.72	3.19260334969	3.124		-0.862819135189	-3.05630359212
65.82	3.11061763763	3.05		-0.803781509399	-3.16602323156
65.92	3.02344059944	2.976		-0.869979441166	-3.01568807162
66.02	2.9407389164	2.902		-0.818829238415	-3.10466786679
66.12	2.85875320435	2.83		-0.819857180119	-3.1151478389
66.22	2.77658843994	2.758		-0.821647286415	-3.07451160777
66.32	2.6949608326	2.687		-0.808195114136	-3.11276220683
66.42	2.61691331863	2.616		-0.780475497246	-3.15484795996
66.52	2.53868675232	2.547		-0.782265484333	-2.84083537926
66.62	2.45974421501	2.478		-0.779837310314	-2.62776730728
66.72	2.38366580009	2.409		-0.760784506798	-2.50698550596
66.82	2.30776643753	2.342		-0.758994460106	-2.35107473692
66.92	2.23365712166	2.275		-0.733756065369	-2.19218955023
67.02	2.16330695152	2.209		-0.703501939774	-2.11484568165
67.12	2.0883026123	2.144		-0.735337376595	-1.87147409367
67.22	2.01580429077	2.08		-0.724982976913	-1.68562172289
67.32	1.94455909729	2.016		-0.712452352047	-1.50254250278
67.42	1.87778902054	1.953		-0.661089420319	-1.43452408277
67.52	1.81638920307	1.891		-0.613997876644	-1.37740038077
67.62	1.75427341461	1.83		-0.619368195534	-1.23657305055
67.72	1.69949698448	1.77		-0.542341411114	-1.27387250735
67.82	1.65026974678	1.71		-0.492272377014	-1.32649343083
67.92	1.60390663147	1.652		-0.45904058218	-1.40937796618
68.02	1.5630928278	1.594		-0.404097557068	-1.52402595248
68.12	1.52084696293	1.537		-0.422459185123	-1.57193039201
68.22	1.47824299335	1.481		-0.42603930831	-1.85233407918
68.32	1.43725013733	1.426		-0.405869871378	-1.9783305177
68.42	1.39339315891	1.372		-0.438569933176	-1.97461052669
68.52	1.34667205811	1.318		-0.462585330009	-1.94326019662
68.62	1.29941391945	1.266		-0.466130077839	-1.95032240942
68.72	1.24982869625	1.215		-0.4958525002	-1.84666423679
68.82	1.20346558094	1.164		-0.45904058218	-1.8903370583
68.92	1.15602838993	1.115		-0.474371522665	-1.86872542922
69.02	1.11127638817	1.066		-0.447520315647	-1.87164221717
69.12	1.0679564476	1.018		-0.428910583258	-1.92786525628
69.22	1.02248835564	0.972		-0.454680621624	-1.86689371566
69.32	0.974872171879	0.926		-0.469674736261	-1.78837234143
69.42	0.92779302597	0.881		-0.464357733727	-1.7909583718
69.52	0.881250917912	0.837		-0.465421140194	-1.75504666495
69.62	0.834708809853	0.795		-0.456295222044	-1.74502453298
69.72	0.790672779083	0.753		-0.440359979868	-1.73300739212
69.82	0.750395953655	0.712		-0.402768284082	-1.82099925862
69.92	0.713699281216	0.672		-0.363333314657	-1.90510748811
70.02	0.675391554832	0.634		-0.383077383041	-1.88444080971
70.12	0.631355524063	0.596		-0.438569933176	-1.73987885126
70.22	0.589288592339	0.56		-0.416504055262	-1.76470227321
70.32	0.549011766911	0.524		-0.400978237391	-1.74372739628
70.42	0.507481873035	0.49		-0.415298849344	-1.72253346469
70.52	0.466131001711	0.457		-0.407642245293	-1.68141074974
70.62	0.429076313972	0.424		-0.37054681778	-1.7380157421
70.72	0.398286908865	0.393		-0.307893961668	-1.88925125016
70.82	0.375373870134	0.363		-0.226861774921	-2.06441529655
70.92	0.354966938496	0.334		-0.204069256783	-2.18178935061
71.02	0.32346150279	0.307		-0.31193497777	-2.00546253264
71.12	0.284258723259	0.28		-0.390237748623	-1.78097138946
71.22	0.246129989624	0.255		-0.377512186766	-1.74719955251
71.32	0.212297454476	0.23		-0.334975600243	-1.74967608549
71.42	0.179001942277	0.207		-0.332955121994	-1.75483742877
71.52	0.146064445376	0.185		-0.329374939203	-1.7122975905
71.62	0.115275047719	0.164		-0.304845511913	-1.74353642004
71.72	0.0850226730108	0.145		-0.302523732185	-1.39357552367
71.82	0.0574554204941	0.126		-0.275672525167	-1.22965499638
71.92	0.0338263437152	0.109		-0.23165756464	-1.18343425029
72.02	0.0139564406127	0.093		-0.198699012399	-1.0923443881
72.12	-0.00161726679653	0.079		-0.155737057328	-1.07843433487
72.22	-0.0225612185895	0.065		-0.205332860351	-0.830933704479
72.32	-0.0349127799273	0.053		-0.123515605927	-0.890591067372
72.42	-0.0512025207281	0.042		-0.161284536123	-0.676676309902
72.52	-0.0753686204553	0.032		-0.241660967469	-0.316043663963
72.62	-0.095596536994	0.024		-0.202279180288	-0.138533981397
72.72	-0.109917186201	0.016		-0.141788616776	-0.0236225345978
72.82	-0.115645445883	0.011		-0.0567154437304	-0.0783054605375
72.92	-0.120836682618	0.006		-0.051912356168	0.0686740498516
73.02	-0.12352180481	0.003		-0.0265853628516	0.102124741683
73.12	-0.12352180481	0.001		0.0	0.17875209589
73.22	-0.12352180481	0.001		0.0	0.279741024914
