%1-Time(seg)	2-Pos_Encoder	3-x_ref	4-Velo_Encoder(m/s)	5-Torque(N.m)
3.37	0.0	0.0		0.0	0.0
3.37	0.0	0.0		0.0	0.0
3.47	0.0	0.003		0.0	0.0
3.57	0.0	0.011		0.0	0.0
3.67	0.0	0.026		0.0	0.0
3.77	0.0	0.045		0.0	0.6777485
3.87	0.000895040633623	0.07		0.00895040575415	1.028165325
3.97	-0.00268512195908	0.1		-0.0354471541941	1.68044864625
4.07	0.0211229585111	0.135		0.238080814481	1.71190939081
4.17	0.0289993174374	0.175		0.0787635743618	2.42202297587
4.27	0.0418879017234	0.221		0.127609759569	3.10263808914
4.37	0.0687391161919	0.27		0.268512189388	3.59470489011
4.47	0.111164048314	0.325		0.420048773289	3.85277595055
4.57	0.174532920122	0.384		0.631898641586	3.80747192775
4.67	0.254012525082	0.447		0.794796049595	3.60832136749
4.77	0.345843702555	0.515		0.907447099686	3.27353836537
4.87	0.447699338198	0.587		1.01676619053	2.86943776442
4.97	0.55671530962	0.663		1.09015953541	2.40171074399
5.07	0.664299190044	0.743		1.06341457367	2.09483233479
5.17	0.766333818436	0.827		1.01855623722	1.88312780066
5.27	0.875170767307	0.915		1.08836936951	1.5110622603
5.37	0.976668357849	1.007		1.00315451622	1.35783651713
5.47	1.07225871086	1.102		0.955903410912	1.37973668271
5.57	1.15621352196	1.2		0.837758004665	1.64884525722
5.67	1.23945236206	1.302		0.82237392664	1.90158111575
5.77	1.31767892838	1.407		0.772747993469	2.30384225209
5.87	1.40073871613	1.515		0.82237392664	2.47900501344
5.97	1.46876180172	1.626		0.678440749645	3.47642175605
6.07	1.54018604755	1.74		0.714242398739	4.21818379022
6.17	1.61966562271	1.856		0.786926865578	4.8429652056
6.27	1.71185481548	1.976		0.920101761818	5.30150834252
6.37	1.81782758236	2.098		1.0597281456	5.62945225413
6.47	1.93865811825	2.222		1.19634139538	5.75231276436
6.57	2.07363033295	2.349		1.34793114662	5.69921699396
6.67	2.21647882462	2.478		1.42848479748	5.65949489728
6.77	2.36272859573	2.609		1.44624388218	5.59923420378
6.87	2.51667547226	2.742		1.53767979145	5.4298126417
6.97	2.67115950584	2.877		1.5277723074	5.32272343876
7.07	2.82295846939	3.013		1.51619875431	5.28701829744
7.17	2.9829916954	3.152		1.58271539211	5.00989623385
7.27	3.14374089241	3.292		1.58980464935	4.56088380523
7.37	3.30896544456	3.433		1.63588619232	4.44162246235
7.47	3.47132587433	3.576		1.62360358238	4.11762985806
7.57	3.63458132744	3.72		1.61461782455	3.74576118613
7.67	3.78906536102	3.865		1.5295445919	3.61321603376
7.77	3.93835806847	4.011		1.491137743	3.53960621519
7.87	4.09642219543	4.157		1.56321942806	3.17386379684
7.97	4.23640632629	4.305		1.39984357357	3.27133820858
8.07	4.37549543381	4.453		1.38910317421	3.34729144386
8.17	4.52174520493	4.602		1.4480162859	3.16351639974
8.27	4.65456914902	4.752		1.32645010948	3.39535437988
8.37	4.78828811646	4.901		1.32395100594	3.59702872095
8.47	4.91430997849	5.051		1.2584271431	3.94494567443
8.57	5.04319572449	5.201		1.28885853291	4.02114780349
8.67	5.16957569122	5.351		1.24951207638	4.63561726157
8.77	5.30275774002	5.501		1.33003032207	4.84999501771
8.87	5.43558168411	5.651		1.32824027538	5.15071300797
8.97	5.5748500824	5.8		1.37889432907	5.35482460359
9.07	5.70534706116	5.949		1.30496931076	5.84274082161
9.17	5.85446071625	6.097		1.491137743	5.84624936973
9.27	5.99211788177	6.245		1.36294305325	6.22554071638
9.37	6.12565803528	6.392		1.33540070057	6.71521082237
9.47	6.27942609787	6.538		1.52068281174	6.68032937007
9.57	6.44482946396	6.683		1.65224504471	6.38769121653
9.67	6.592689991	6.826		1.47681713104	6.64300329744
9.77	6.75845146179	6.969		1.63943076134	6.34788798385
9.87	6.92886734009	7.11		1.70236730576	5.95466659273
9.97	7.10536956787	7.25		1.76323008537	5.27518196673
10.07	7.28312444687	7.389		1.74269664288	4.81044463503
10.17	7.4583735466	7.525		1.7506994009	4.20076708576
10.27	7.63040018082	7.66		1.71847808361	3.53410818859
10.37	7.78828525543	7.793		1.56321942806	3.13632993487
10.47	7.93883132935	7.924		1.50545835495	2.73364197069
10.57	8.08526039124	8.053		1.44978845119	2.29711413681
10.67	8.22470760345	8.18		1.39268326759	1.87855361156
10.77	8.35520458221	8.304		1.30496931076	1.5929393752
10.87	8.47299194336	8.426		1.16443896294	1.45781021884
10.97	8.58379840851	8.545		1.10627019405	1.37034634848
11.07	8.68296909332	8.662		0.989914894104	1.46483285682
11.17	8.77855968475	8.776		0.944666683674	1.53412303557
11.27	8.85965061188	8.887		0.81090682745	1.91322261601
11.37	8.94306850433	8.995		0.834177911282	2.1316811772
11.47	9.03293037415	9.1		0.887951135635	2.13933102974
11.57	9.1068611145	9.201		0.739303529263	2.77095046338
11.67	9.17613697052	9.3		0.690971314907	3.04067295852
11.77	9.24183273315	9.395		0.65045517683	3.61478608134
11.87	9.31683731079	9.486		0.740845561028	3.8874067366
11.97	9.4015083313	9.574		0.838325202465	3.91196053147
12.07	9.48922252655	9.658		0.877139866352	3.94737748916
12.17	9.58033752441	9.738		0.91115128994	3.86803312012
12.27	9.68469905853	9.814		1.03328442574	3.39946165406
12.37	9.7851228714	9.886		1.00244545937	3.06656774432
12.47	9.88751506805	9.954		1.0221363306	2.61729323495
12.57	9.98740196228	10.017		0.988975524902	2.06330670573
12.67	10.0767269135	10.076		0.891460478306	1.64807226758
12.77	10.1499414444	10.13		0.732143223286	1.49569902041
12.87	10.2342538834	10.18		0.833008110523	0.799383059184
12.97	10.3049621582	10.225		0.707082033157	0.336438126633
13.07	10.3667201996	10.265		0.611463308334	0.336438126633
13.17	10.4179162979	10.3		0.511963248253	0.336438126633
13.27	10.4535388947	10.33		0.356226176023	0.451036658143
13.37	10.4820013046	10.355		0.281804889441	0.451036658143
13.47	10.4984703064	10.375		0.164687469602	-1.01113788953
13.57	10.5077791214	10.389		0.0930842235684	-0.999803550287
13.67	10.5240688324	10.397		0.159703329206	-1.38600609763
13.77	10.4952487946	10.4		-0.288203090429	-0.726566493933
13.87	10.4803915024	10.4		-0.14857673645	-0.73000042227
13.97	10.4336700439	10.4		-0.462585330009	0.0534253099786
14.07	10.4231081009	10.4		-0.105614796281	0.0534253099786
14.17	10.421497345	10.4		-0.0161107294261	0.0534253099786
14.27	10.4204235077	10.4		-0.0106341466308	-0.572003044253
14.37	10.406460762	10.4		-0.137836262584	-0.161800369914
14.47	10.4007320404	10.4		-0.0567154437304	-0.327834166461
14.57	10.394288063	10.4		-0.0644429177046	-0.402549374908
14.67	10.3792514801	10.4		-0.148878052831	0.111241031292
14.77	10.3753137589	10.4		-0.0389918722212	0.104431464081
14.87	10.3753137589	10.4		0.0	0.0620421588366
14.97	10.3753137589	10.4		0.0	0.0737669714765
15.07	10.3703012466	10.4		-0.0496260076761	0.240179387164
15.17	10.3681535721	10.4		-0.02148097381	0.316503224224
15.27	10.3679742813	10.4		-0.00179008126725	0.355210450901
15.37	10.3679742813	10.4		0.0	0.412052702905
15.47	10.3679742813	10.4		0.0	0.477055716307
15.57	10.3679742813	10.4		0.0	0.545731072338
15.67	10.3679742813	10.4		0.0	0.616058982552
15.77	10.3679742813	10.4		0.0	0.687130542149
15.87	10.3679742813	10.4		0.0	0.758536743967
15.97	10.3679742813	10.4		0.0	0.830093534785
16.07	10.3636779785	10.4		-0.0429619476199	1.00598709065
16.17	10.3574123383	10.4		-0.0620325133204	1.24183694079
16.27	10.3729858398	10.4		0.155737057328	0.861150623357
16.37	10.3783559799	10.4		0.0537024401128	0.873269530511
16.47	10.379609108	10.4		0.0122848702595	0.94134878873
16.57	10.3805046082	10.4		0.00895040575415	1.00561970493
16.67	10.388917923	10.4		0.0841338261962	0.866942867218
16.77	10.3969736099	10.4		0.0797560960054	0.671600540248
16.87	10.3978691101	10.4		0.00895040575415	0.776540243112
16.97	10.4039554596	10.4		0.0608627647161	0.8237631094
17.07	10.4138011932	10.4		0.0974796637893	0.8237631094
17.17	10.4202451706	10.4		0.0644429177046	0.48007189923
17.27	10.4202451706	10.4		0.0644429177046	0.397196854654
17.37	10.4259738922	10.4		0.0567154437304	0.284047084594
17.47	10.4329547882	10.4		0.069813169539	0.123814438067
17.57	10.4385042191	10.4		0.0554925203323	0.123814438067
17.67	10.441368103	10.4		0.0283577218652	-0.0835264512913
17.77	10.441368103	10.4		0.0	-0.126378903081
17.87	10.4474544525	10.4		0.0608627647161	-0.352578006386
17.97	10.4189920425	10.4		-0.281804889441	0.322798897126
18.07	10.4127264023	10.4		-0.0626528412104	0.268839003707
18.17	10.4127264023	10.4		0.0	0.123353551668
18.27	10.4127264023	10.4		0.0	0.0418690982507
18.37	10.4127264023	10.4		0.0	0.0418690982507
18.47	10.410399437	10.4		-0.0230406485498	0.288335542396
18.57	10.4098625183	10.4		-0.00537024345249	0.195046994078
18.67	10.4098625183	10.4		0.0	0.153067147335
18.77	10.4098625183	10.4		0.0	0.134176216301
18.87	10.4098625183	10.4		0.0	0.125675297335
18.97	10.4098625183	10.4		0.0	0.121849883801
19.07	10.4098625183	10.4		0.0	0.12012844771
19.17	10.4098625183	10.4		0.0	0.11935380147
19.27	10.4098625183	10.4		0.0	0.119005210661
19.37	10.4098625183	10.4		0.0	0.118848344798
19.47	10.4098625183	10.4		0.0	0.118777755159
19.57	10.4098625183	10.4		0.0	0.118745989822
19.67	10.4098625183	10.4		0.0	0.11873169542
19.77	10.4098625183	10.4		0.0	0.118725262939
19.87	10.4098625183	10.4		0.0	0.118722368323
19.97	10.4098625183	10.4		0.0	0.118721065745
20.07	10.4098625183	10.4		0.0	0.118720479585
20.17	10.4098625183	10.4		0.0	0.118720215813
20.27	10.4098625183	10.4		0.0	0.118720097116
20.37	10.4098625183	10.4		0.0	0.118720043702
20.47	10.4096832275	10.4		-0.00177235761657	0.118720019666
20.57	10.4096832275	10.4		0.0	0.11872000885
20.67	10.4096832275	10.4		0.0	0.118720003982
20.77	10.4096832275	10.4		0.0	0.118720001792
20.87	10.4096832275	10.4		0.0	0.118720000806
20.97	10.4096832275	10.4		0.0	0.118720000363
21.07	10.4096832275	10.4		0.0	0.118720000163
21.17	10.4096832275	10.4		0.0	0.118720000074
21.27	10.4096832275	10.4		0.0	0.118720000033
21.37	10.4096832275	10.4		0.0	0.118720000015
21.47	10.4096832275	10.4		0.0	0.118720000007
21.57	10.4096832275	10.4		0.0	0.118720000003
21.67	10.4096832275	10.4		0.0	0.118720000001
21.77	10.4096832275	10.4		0.0	0.118720000001
21.87	10.4096832275	10.4		0.0	0.11872
21.97	10.4096832275	10.4		0.0	0.11872
22.07	10.4096832275	10.4		0.0	0.11872
22.17	10.4096832275	10.4		0.0	0.11872
22.27	10.4096832275	10.4		0.0	0.11872
22.37	10.4096832275	10.4		0.0	0.11872
22.47	10.4096832275	10.4		0.0	0.11872
22.57	10.4096832275	10.4		0.0	0.11872
22.67	10.4096832275	10.4		0.0	0.11872
22.77	10.4096832275	10.4		0.0	0.11872
22.87	10.4096832275	10.4		0.0	0.11872
22.97	10.4096832275	10.4		0.0	0.11872
23.07	10.4096832275	10.4		0.0	0.11872
23.17	10.4096832275	10.4		0.0	0.11872
23.27	10.4096832275	10.4		0.0	0.11872
23.37	10.4096832275	10.4		0.0	0.11872
23.47	10.4096832275	10.403		0.0	0.11872
23.57	10.4096832275	10.411		0.0	0.11872
23.67	10.4096832275	10.426		0.0	0.11872
23.77	10.4096832275	10.445		0.0	0.535796
23.87	10.4096832275	10.47		0.0	0.95796995
23.97	10.4093255997	10.5		-0.00358016253449	1.5357229775
24.07	10.4211397171	10.535		0.118145368993	1.88426183988
24.17	10.4499597549	10.575		0.285349577665	1.97927332794
24.27	10.4717988968	10.62		0.21838991344	2.49077149757
24.37	10.4907741547	10.669		0.187869921327	3.21002767391
24.47	10.5194158554	10.723		0.286412984133	3.78422070326
24.57	10.5656003952	10.782		0.460050880909	4.04172206647
24.67	10.6287899017	10.845		0.625642240047	4.12403392991
24.77	10.7054052353	10.912		0.756796658039	4.08082101846
24.87	10.792760849	10.984		0.873559653759	3.91434920831
24.97	10.8872776031	11.059		0.92663025856	3.78072164374
25.07	10.9914608002	11.139		1.04003703594	3.46983048968
25.17	11.0938529968	11.222		1.0221363306	3.32256497036
25.27	11.1976776123	11.309		1.01788938046	3.16754198666
25.37	11.3004283905	11.399		1.0257165432	2.869891894
25.47	11.3999567032	11.493		0.993495106697	3.1566993523
25.57	11.4957256317	11.59		0.946439027786	3.28576270853
25.67	11.5959701538	11.691		1.00244545937	3.34384121884
25.77	11.6949615479	11.794		0.980113744736	3.36997654848
25.87	11.7943115234	11.901		0.991705000401	3.38173744682
25.97	11.8997468948	12.01		1.05256783962	3.38702985107
26.07	12.0026769638	12.122		1.01733326912	3.38941143298
26.17	12.1073970795	12.237		1.04540741444	3.78149189484
26.27	12.2149810791	12.355		1.07583892345	3.89591010268
26.37	12.3227443695	12.474		1.06695914268	4.11245604621
26.47	12.4339084625	12.597		1.11164045334	4.28255122079
26.57	12.551158905	12.721		1.17071306705	4.42452754936
26.67	12.6698417664	12.847		1.1733007431	4.57023764721
26.77	12.7912092209	12.976		1.21367514133	4.74131919124
26.87	12.9150829315	13.106		1.2264714241	4.92997788606
26.97	13.0418205261	13.238		1.26558756828	5.08057179873
27.07	13.1750030518	13.371		1.33182048798	5.14852605943
27.17	13.3110494614	13.506		1.34521949291	5.19605097674
27.27	13.4551506042	13.643		1.42674779892	5.10934568953
27.37	13.5997896194	13.78		1.44459557533	5.08240356029
27.47	13.7469339371	13.919		1.45510554314	5.00283310213
27.57	13.8937206268	14.059		1.46607649326	4.97445689596
27.67	14.0399703979	14.2		1.46070623398	4.97633410318
27.77	14.1863994598	14.341		1.44978845119	4.97543809643
27.87	14.3351554871	14.483		1.4875575304	4.71499764339
27.97	14.4803314209	14.626		1.43560957909	4.84323693953
28.07	14.6226425171	14.77		1.40725195408	4.90094462279
28.17	14.7649536133	14.913		1.42132461071	4.92691308025
28.27	14.9083395004	15.057		1.41788613796	4.93859888611
28.37	15.0474290848	15.201		1.37712192535	4.94385749875
28.47	15.1906356812	15.345		1.43027484417	4.94622387444
28.57	15.3338422775	15.489		1.41788613796	5.2340284935
28.67	15.4791965485	15.633		1.45175588131	5.15818157207
28.77	15.6279525757	15.776		1.48576748371	4.89322920743
28.87	15.7750968933	15.919		1.45687782764	4.94931314334
28.97	15.9240312576	16.061		1.4875575304	4.97455091451
29.07	16.0803050995	16.202		1.56095099449	4.49063016153
29.17	16.2399806976	16.343		1.57917070389	4.08727382269
29.27	16.4068164825	16.483		1.66835582256	3.51429272021
29.37	16.5673866272	16.622		1.58980464935	3.11207072409
29.47	16.7213344574	16.759		1.53767979145	2.78719907584
29.57	16.8763561249	16.896		1.54842031002	2.31279708413
29.67	17.0172348022	17.031		1.39307296276	2.16646568786
29.77	17.1400337219	17.164		1.22799575329	2.33447655954
29.87	17.2585372925	17.296		1.18503379822	2.43035995179
29.97	17.3768615723	17.426		1.16975593567	2.47597147831
30.07	17.481760025	17.555		1.04898750782	2.80294841524
30.17	17.5870170593	17.681		1.05256783962	3.06842878686
30.27	17.6912002563	17.805		1.03151226044	3.56187295409
30.37	17.7876853943	17.927		0.96485376358	3.66606607934
30.47	17.8829174042	18.047		0.941121935844	4.1396814857
30.57	17.9831619263	18.164		1.00244545937	4.45501766857
30.67	18.086271286	18.279		1.03108668327	4.69008345085
30.77	18.1888427734	18.391		1.01378846169	4.95932855288
30.87	18.3026924133	18.501		1.13849163055	4.9288593488
30.97	18.4151096344	18.607		1.12238097191	5.00649220696
31.07	18.5359401703	18.711		1.19456899166	4.79143274313
31.17	18.6571292877	18.811		1.21188497543	4.60195348441
31.27	18.7768859863	18.908		1.19577431679	4.35990206798
31.37	18.9009380341	19.002		1.22824382782	3.75720543059
31.47	19.0194416046	19.093		1.18503379822	3.63891119377
31.57	19.1391983032	19.179		1.19577431679	3.1068157872
31.67	19.2573432922	19.263		1.16975593567	2.48495510424
31.77	19.3638534546	19.342		1.06330823898	2.07047504691
31.87	19.4590854645	19.417		0.941121935844	1.74566977111
31.97	19.5666694641	19.489		1.07583892345	0.875644146999
32.07	19.6576061249	19.556		0.900357604027	0.382586116149
32.17	19.739233017	19.619		0.808195114136	0.382586116149
32.27	19.8052864075	19.677		0.652227699757	0.382586116149
32.37	19.8604202271	19.732		0.551345050335	1.16646516352
32.47	19.8951473236	19.781		0.343837380409	1.16646516352
32.57	19.9209251404	19.826		0.257771670818	0.811120208113
32.67	19.9390048981	19.866		0.180798202753	0.811120208113
32.77	19.9488506317	19.901		0.0974796637893	0.970445967143
32.87	19.9513568878	19.931		0.0250611398369	0.0974441852143
32.97	19.9513568878	19.955		0.0	0.637869133346
33.07	19.9567279816	19.975		0.0537024401128	1.02294661001
33.17	19.9567279816	19.989		0.0537024401128	1.1669989745
33.27	19.9579811096	19.997		0.0125305699185	1.68928228853
33.37	19.9869804382	20.0		0.287121921778	0.871620779837
33.47	19.9964675903	20.0		0.0948743075132	0.623476850927
33.57	20.0054187775	20.0		0.0895040631294	0.687124582917
33.67	20.0116844177	20.0		0.0620325133204	0.402959062313
33.77	20.017950058	20.0		0.0626528412104	0.314272078041
33.87	20.0240364075	20.0		0.0608627647161	0.200970935118
33.97	20.030122757	20.0		0.0602601617575	0.0692014208033
34.07	20.0360298157	20.0		0.0590726844966	0.0692014208033
34.17	20.0394306183	20.0		0.0340115427971	-0.161999637287
34.27	20.0396099091	20.0		0.00177235761657	-0.221199086779
34.37	20.0455169678	20.0		0.0572826005518	-0.435991089051
34.47	20.0163383484	20.0		-0.288894325495	0.297885509927
34.57	20.0125789642	20.0		-0.0375917032361	0.160682229467
34.67	20.0125789642	20.0		0.0	0.0303310032603
34.77	20.0125789642	20.0		0.0	0.0303310032603
34.87	20.0109672546	20.0		-0.0141788609326	-0.0418278718397
34.97	20.0089988708	20.0		-0.0196908935905	0.197429207672
35.07	20.0086402893	20.0		-0.00354471523315	0.112251143452
35.17	20.0086402893	20.0		0.0	0.0739210145536
35.27	20.0086402893	20.0		0.0	0.0566724565492
35.37	20.0086402893	20.0		0.0	0.0489106054471
35.47	20.0086402893	20.0		0.0	0.0454177724512
35.57	20.0086402893	20.0		0.0	0.0438459976031
35.67	20.0086402893	20.0		0.0	0.0431386989214
35.77	20.0086402893	20.0		0.0	0.0428204145147
35.87	20.0086402893	20.0		0.0	0.0426771865316
35.97	20.0086402893	20.0		0.0	0.0426127339392
36.07	20.0086402893	20.0		0.0	0.0425837302727
36.17	20.0086402893	20.0		0.0	0.0425706786227
36.27	20.0086402893	20.0		0.0	0.0425648053802
36.37	20.0086402893	20.0		0.0	0.0425621624211
36.47	20.0086402893	20.0		0.0	0.0425609730895
36.57	20.0086402893	20.0		0.0	0.0425604378903
36.67	20.0086402893	20.0		0.0	0.0425601970507
36.77	20.0086402893	20.0		0.0	0.0425600886728
36.87	20.0086402893	20.0		0.0	0.0425600399028
36.97	20.0086402893	20.0		0.0	0.0425600179563
37.07	20.0086402893	20.0		0.0	0.0425600080803
37.17	20.0086402893	20.0		0.0	0.0425600036362
37.27	20.0086402893	20.0		0.0	0.0425600016363
37.37	20.0086402893	20.0		0.0	0.0425600007364
37.47	20.0086402893	20.0		0.0	0.0425600003314
37.57	20.0086402893	20.0		0.0	0.0425600001491
37.67	20.0086402893	20.0		0.0	0.0425600000671
37.77	20.0086402893	20.0		0.0	0.0425600000302
37.87	20.0086402893	20.0		0.0	0.0425600000136
37.97	20.0086402893	20.0		0.0	0.0425600000062
38.07	20.0086402893	20.0		0.0	0.0425600000028
38.17	20.0086402893	20.0		0.0	0.0425600000013
38.27	20.0086402893	20.0		0.0	0.0425600000006
38.37	20.0086402893	20.0		0.0	0.0425600000003
38.47	20.0086402893	20.0		0.0	0.0425600000002
38.57	20.0086402893	20.0		0.0	0.0425600000001
38.67	20.0086402893	20.0		0.0	0.0425600000001
38.77	20.0086402893	20.0		0.0	0.04256
38.87	20.0086402893	20.0		0.0	0.04256
38.97	20.0086402893	20.0		0.0	0.04256
39.07	20.0086402893	20.0		0.0	0.04256
39.17	20.0086402893	20.0		0.0	0.04256
39.27	20.0086402893	20.0		0.0	0.04256
39.37	20.0086402893	20.0		0.0	0.04256
39.47	20.0086402893	20.0		0.0	0.04256
39.57	20.0086402893	20.0		0.0	0.04256
39.67	20.0086402893	20.0		0.0	0.04256
39.77	20.0086402893	20.0		0.0	0.04256
39.87	20.0086402893	20.0		0.0	0.04256
39.97	20.0086402893	20.0		0.0	0.04256
40.07	20.0086402893	20.0		0.0	0.04256
40.17	20.0086402893	20.0		0.0	0.04256
40.27	20.0086402893	20.0		0.0	0.04256
40.37	20.0086402893	20.0		0.0	0.04256
40.47	20.0086402893	20.0		0.0	0.04256
40.57	20.0086402893	20.0		0.0	0.04256
40.67	20.0086402893	20.0		0.0	0.04256
40.77	20.0086402893	20.0		0.0	0.04256
40.87	20.0086402893	20.0		0.0	0.04256
40.97	20.0086402893	20.0		0.0	0.04256
41.07	20.0086402893	20.0		0.0	0.04256
41.17	20.0086402893	20.0		0.0	0.04256
41.27	20.0086402893	20.0		0.0	0.04256
41.37	20.0086402893	20.0		0.0	0.04256
41.47	20.0086402893	20.0		0.0	0.04256
41.57	20.0086402893	20.0		0.0	0.04256
41.67	20.0086402893	20.0		0.0	0.04256
41.77	20.0086402893	20.0		0.0	0.04256
41.87	20.0086402893	20.0		0.0	0.04256
41.97	20.0086402893	20.0		0.0	0.04256
42.07	20.0086402893	20.0		0.0	0.04256
42.17	20.0086402893	20.0		0.0	0.04256
42.27	20.0086402893	20.0		0.0	0.04256
42.37	20.0086402893	20.0		0.0	0.04256
42.47	20.0086402893	20.0		0.0	0.04256
42.57	20.0086402893	20.0		0.0	0.04256
42.67	20.0086402893	20.0		0.0	0.04256
42.77	20.0086402893	20.0		0.0	0.04256
42.87	20.0086402893	20.0		0.0	0.04256
42.97	20.0086402893	20.0		0.0	0.04256
43.07	20.0086402893	20.0		0.0	0.04256
43.17	20.0086402893	20.0		0.0	0.04256
43.27	20.0086402893	20.0		0.0	0.04256
43.37	20.0086402893	20.0		0.0	0.04256
43.47	20.0086402893	19.999		0.0	0.04256
43.57	20.0086402893	19.997		0.0	0.04256
43.67	20.006313324	19.994		-0.0232710558921	0.04256
43.77	20.0052394867	19.989		-0.0106341466308	-0.18111145625
43.87	19.9989738464	19.983		-0.0626528412104	0.0940955946875
43.97	19.9919929504	19.976		-0.069813169539	0.0250950176094
44.07	19.9919929504	19.968		0.0	0.0250950176094
44.17	19.9900245667	19.958		-0.0196908935905	0.0250950176094
44.27	19.9896659851	19.947		-0.00358016253449	-0.70097522652
44.37	19.9812526703	19.935		-0.0815284624696	-0.756533351934
44.47	19.9663944244	19.921		-0.14857673645	-0.71015825837
44.57	19.9574432373	19.906		-0.0886178836226	-0.910411466267
44.67	19.9402580261	19.89		-0.17184779048	-0.90508665982
44.77	19.9177036285	19.873		-0.225550234318	-0.823237496919
44.87	19.8913898468	19.855		-0.258764207363	-0.665416373613
44.97	19.8675823212	19.835		-0.238080814481	-0.661549118126
45.07	19.831243515	19.814		-0.363386511803	-0.424606853157
45.17	19.8156700134	19.792		-0.15419511497	-0.545889083921
45.27	19.8068981171	19.769		-0.0877139791846	-0.991474837764
45.37	19.7895336151	19.745		-0.170146346092	-1.10390317699
45.47	19.7753925323	19.72		-0.140016257763	-1.30978567965
45.57	19.760892868	19.693		-0.144996598363	-1.56835130584
45.67	19.7358322144	19.665		-0.250611364841	-1.59450858763
45.77	19.7032527924	19.636		-0.325794786215	-1.49385661443
45.87	19.668346405	19.606		-0.349065840244	-1.42663197649
45.97	19.6286067963	19.575		-0.393463432789	-1.30638713942
46.07	19.5886878967	19.543		-0.393463432789	-1.20378896274
46.17	19.5523490906	19.51		-0.363386511803	-0.967707533233
46.27	19.5229911804	19.475		-0.290666669607	-1.44578263995
46.37	19.4809246063	19.44		-0.420669078827	-1.11015193798
46.47	19.4528198242	19.403		-0.28104275465	-1.52589862209
46.57	19.420419693	19.366		-0.320796728134	-1.60536337994
46.67	19.4023399353	19.327		-0.180798202753	-2.08721927097
46.77	19.3754882812	19.287		-0.268512189388	-2.32811967194
46.87	19.3386135101	19.247		-0.365105688572	-2.38955485237
46.97	19.2927875519	19.205		-0.458260804415	-2.25473618357
47.07	19.2424869537	19.162		-0.498032510281	-2.12132203261
47.17	19.1895008087	19.118		-0.5298640728	-2.03004566467
47.27	19.1370506287	19.074		-0.52449375391	-1.9466432991
47.37	19.0849590302	19.028		-0.510699629784	-1.8817634846
47.47	19.0348358154	18.981		-0.501222729683	-1.71962981807
47.57	18.9916954041	18.933		-0.431409567595	-2.12625316813
47.67	18.9451541901	18.885		-0.460812985897	-2.15600917566
47.77	18.897359848	18.835		-0.477951705456	-2.16665212905
47.87	18.8468799591	18.785		-0.503012835979	-2.18622545807
47.97	18.7962207794	18.733		-0.50157725811	-2.18375020613
48.07	18.7407283783	18.681		-0.553135097027	-1.92697984276
48.17	18.6881008148	18.627		-0.526283919811	-2.00427692924
48.27	18.6394100189	18.573		-0.48208129406	-2.35186761816
48.37	18.5880355835	18.518		-0.511963248253	-2.39089417817
48.47	18.5293216705	18.462		-0.579560935497	-2.27007338018
48.57	18.4722175598	18.405		-0.571035921574	-2.27331377108
48.67	18.4097442627	18.347		-0.618552803993	-2.04395069699
48.77	18.3474502563	18.289		-0.616780459881	-2.11604981364
48.87	18.2883777618	18.229		-0.590726852417	-2.14849441614
48.97	18.2273368835	18.169		-0.610417664051	-2.16309448726
49.07	18.1641464233	18.108		-0.625642240047	-2.16966451927
49.17	18.1009559631	18.046		-0.631898641586	-2.17262103367
49.27	18.0386619568	17.983		-0.622948229313	-2.17395146515
49.37	17.9804840088	17.92		-0.576016187668	-2.17455015932
49.47	17.9212322235	17.855		-0.592516899109	-2.17481957169
49.57	17.8598327637	17.79		-0.606146335602	-2.17494080726
49.67	17.8012962341	17.724		-0.579560935497	-2.46173511327
49.77	17.7377490997	17.657		-0.633688807487	-2.46173511327
49.87	17.7377490997	17.59		-0.633688807487	-2.48970255097
49.97	17.6790351868	17.521		-0.573879003525	-4.42198589794
50.07	17.6129817963	17.452		-0.660539984703	-4.16451940407
50.17	17.5309963226	17.383		-0.819857180119	-3.77053548183
50.27	17.4441776276	17.312		-0.857821166515	-3.44926646682
50.37	17.3532409668	17.241		-0.909361243248	-3.17406491007
50.47	17.2597980499	17.169		-0.934422433376	-2.87788170953
50.57	17.1729793549	17.096		-0.849411070347	-2.65841701929
50.67	17.0899200439	17.023		-0.830597698689	-2.89275165868
50.77	17.0025634766	16.949		-0.873559653759	-2.47685724641
50.87	16.9232635498	16.874		-0.785154402256	-2.45928626088
50.97	16.850944519	16.799		-0.723192811012	-2.6027365674
51.07	16.7720012665	16.723		-0.779837310314	-2.48209045533
51.17	16.6961021423	16.646		-0.757204353809	-2.4646607049
51.27	16.6278991699	16.569		-0.682020962238	-2.6581585672
51.37	16.5645294189	16.491		-0.627414643764	-3.03448585524
51.47	16.5008029938	16.413		-0.637268900871	-3.14894313486
51.57	16.4343910217	16.334		-0.664120137691	-3.32419616069
51.67	16.3615341187	16.254		-0.721349596977	-3.41855902231
51.77	16.2877826691	16.174		-0.735723376274	-3.52920306004
51.87	16.2127780914	16.093		-0.740845561028	-3.64602962702
51.97	16.136341095	16.011		-0.756796658039	-3.76326233216
52.07	16.0586509705	15.929		-0.776895225048	-3.92920429947
52.17	15.9786338806	15.846		-0.79224383831	-4.02749243476
52.27	15.9016599655	15.763		-0.769734919071	-4.25466309564
52.37	15.8134088516	15.679		-0.882510006428	-4.16429089304
52.47	15.723367691	15.595		-0.889723539352	-4.13400740187
52.57	15.6367273331	15.51		-0.86460930109	-4.22764083084
52.67	15.5481185913	15.425		-0.884300112724	-4.25231337388
52.77	15.4537811279	15.339		-0.934032440186	-4.14575176825
52.87	15.3542528152	15.253		-0.993495106697	-3.92636679571
52.97	15.2552614212	15.166		-0.980113744736	-3.70055230807
53.07	15.1559114456	15.079		-0.981886088848	-3.86190453863
53.17	15.0558462143	14.991		-1.00065541267	-3.33496629238
53.27	14.9541692734	14.903		-1.00669908524	-3.10778533157
53.37	14.8564310074	14.814		-0.967707276344	-2.94473489921
53.47	14.757976532	14.725		-0.984544754028	-2.75416545464
53.57	14.6650714874	14.636		-0.909080505371	-2.65292945459
53.67	14.5676908493	14.546		-0.973804235458	-2.39504025457
53.77	14.4780073166	14.455		-0.896830677986	-2.33546411455
53.87	14.3892192841	14.364		-0.877317070961	-2.27701335155
53.97	14.3032951355	14.273		-0.857448935509	-2.2646722582
54.07	14.223815918	14.182		-0.793005943298	-2.40911751619
54.17	14.1412935257	14.09		-0.815284490585	-2.41191288228
54.27	14.0623512268	13.997		-0.789425849915	-2.56128304703
54.37	13.982334137	13.905		-0.798376202583	-2.70497162116
54.47	13.9069719315	13.811		-0.74616253376	-2.91425397952
54.57	13.8260602951	13.718		-0.809116721153	-3.13647104079
54.67	13.7437162399	13.624		-0.815284490585	-3.27871971835
54.77	13.659403801	13.53		-0.841338157654	-3.41652512326
54.87	13.5738382339	13.436		-0.853868722916	-3.59848155547
54.97	13.4848709106	13.341		-0.872225821018	-3.70712494996
55.07	13.3919658661	13.246		-0.927262127399	-3.78086072748
55.17	13.2961969376	13.151		-0.957693517208	-3.81574407737
55.27	13.2000694275	13.055		-0.949983775616	-3.88450558482
55.37	13.1023311615	12.959		-0.975594222546	-3.94121301317
55.47	13.0015497208	12.863		-1.00781571865	-3.95542885593
55.57	12.9034528732	12.767		-0.97125184536	-4.00672523517
55.67	12.8032083511	12.67		-1.00065541267	-4.02741335582
55.77	12.7009944916	12.573		-1.0221363306	-4.02086376012
55.87	12.6014661789	12.476		-0.98365855217	-4.06556294205
55.97	12.4958515167	12.379		-1.05614793301	-3.96422932392
56.07	12.3929214478	12.281		-1.01910555363	-3.92711569577
56.17	12.288022995	12.184		-1.04719758034	-3.66790856309
56.27	12.1833028793	12.086		-1.04540741444	-3.79670285339
56.37	12.0784044266	11.987		-1.03860151768	-3.85466028403
56.47	11.9726104736	11.889		-1.0579379797	-3.51579962781
56.57	11.8693227768	11.791		-1.03287696838	-3.43509833252
56.67	11.7697944641	11.692		-0.98365855217	-3.45326299963
56.77	11.6742038727	11.593		-0.954113304615	-3.53129809983
56.87	11.5771818161	11.494		-0.968433916569	-3.54377864493
56.97	11.4828443527	11.395		-0.934032440186	-3.62495664022
57.07	11.3885068893	11.296		-0.943372786045	-3.8470182381
57.17	11.295422554	11.197		-0.921625971794	-3.75410220714
57.27	11.2010850906	11.097		-0.943372786045	-3.71228999321
57.37	11.1051368713	10.998		-0.9594835639	-3.69347449695
57.47	11.0073986053	10.898		-0.967707276344	-3.68500752363
57.57	10.9087648392	10.799		-0.98633480072	-3.96793713563
57.67	10.8081626892	10.699		-1.00602567196	-3.62922396103
57.77	10.7043380737	10.599		-1.02796733379	-3.66964678247
57.87	10.6026611328	10.499		-1.01497602463	-3.68783705211
57.97	10.5008058548	10.399		-1.01855623722	-3.69602267345
58.07	10.4030675888	10.299		-0.967707276344	-3.69970620305
58.17	10.3030023575	10.199		-0.998865365982	-3.70136379137
58.27	10.203294754	10.099		-0.987203240395	-3.70210970612
58.37	10.1053771973	9.999		-0.977384328842	-3.70244536775
58.47	10.0053119659	9.899		-1.00065541267	-3.70259641549
58.57	9.90435123444	9.799		-0.997837424278	-3.70266438697
58.67	9.80267429352	9.699		-1.01497602463	-3.70269497414
58.77	9.70135593414	9.599		-1.01318585873	-3.70270873836
58.87	9.59896373749	9.499		-1.01201617718	-3.70271493226
58.97	9.49674987793	9.4		-1.02034628391	-3.70271771952
59.07	9.39722156525	9.3		-0.995285153389	-3.70271897378
59.17	9.29626083374	9.2		-0.999609708786	-3.7027195382
59.27	9.20120716095	9.1		-0.94874304533	-3.70271979219
59.37	9.10740661621	9.001		-0.936212480068	-3.70271990649
59.47	9.01414299011	8.901		-0.921625971794	-4.04159420792
59.57	8.92302799225	8.802		-0.909361243248	-4.21680264356
59.67	8.82994365692	8.703		-0.921625971794	-4.3213726896
59.77	8.73041534424	8.603		-0.995285153389	-4.27167046032
59.87	8.63357162476	8.504		-0.968433916569	-4.40436870714
59.97	8.53171634674	8.405		-0.99682956934	-4.35394816822
60.07	8.42610168457	8.307		-1.05614793301	-4.2358779257
60.17	8.32335090637	8.208		-1.0275067091	-4.20100081656
60.27	8.22113704681	8.109		-1.01024389267	-4.21447261745
60.37	8.11749172211	8.011		-1.03466689587	-3.95027042785
60.47	8.01474094391	7.913		-1.0275067091	-4.05928569253
60.57	7.91037940979	7.815		-1.03328442574	-4.10834256164
60.67	7.80476474762	7.717		-1.05435788631	-3.86974565274
60.77	7.69986581802	7.62		-1.04898750782	-3.74289879373
60.87	7.59460926056	7.522		-1.05256783962	-3.57905445718
60.97	7.48792028427	7.425		-1.06688833237	-3.38016925573
61.07	7.38409566879	7.328		-1.02619493008	-3.22409341508
61.17	7.28098678589	7.232		-1.02929675579	-3.06966253679
61.27	7.18235349655	7.135		-0.98633480072	-2.96925039155
61.37	7.0851521492	7.039		-0.960617780685	-2.9150586762
61.47	6.99349975586	6.943		-0.914731502533	-2.93334140429
61.57	6.90077352524	6.848		-0.925472080708	-2.91904063193
61.67	6.81001663208	6.753		-0.898585319519	-2.89500528437
61.77	6.7199754715	6.658		-0.898620843887	-2.89758462797
61.87	6.63440942764	6.563		-0.855658888817	-3.00503833258
61.97	6.5474114418	6.468		-0.859593391418	-3.07458124966
62.07	6.46166658401	6.374		-0.848959326744	-3.36298956235
62.17	6.37305736542	6.281		-0.877317070961	-3.21227330306
62.27	6.28516435623	6.187		-0.878929972649	-3.14445098638
62.37	6.19136428833	6.094		-0.926943063736	-3.11393094387
62.47	6.10096502304	6.001		-0.893268287182	-3.10019692474
62.57	6.00788068771	5.909		-0.930842280388	-3.09401661613
62.67	5.91533327103	5.817		-0.923681914806	-3.09123547726
62.77	5.82582902908	5.726		-0.886178731918	-3.08998396477
62.87	5.73238658905	5.634		-0.932632386684	-3.08942078415
62.97	5.63930225372	5.544		-0.929052114487	-3.08916735287
63.07	5.54979801178	5.453		-0.886178731918	-3.08905330879
63.17	5.46029376984	5.363		-0.895040631294	-3.08900198896
63.27	5.37240076065	5.274		-0.868455171585	-3.08897889503
63.37	5.28450775146	5.185		-0.878929972649	-3.37570825276
63.47	5.19500350952	5.096		-0.895040631294	-3.29937746374
63.57	5.10514163971	5.008		-0.889723539352	-3.03420735868
63.67	5.01706981659	4.92		-0.880719959736	-3.09019331141
63.77	4.92846059799	4.833		-0.875544726849	-3.11538699013
63.87	4.83967256546	4.746		-0.877317070961	-3.12672414556
63.97	4.75714969635	4.66		-0.825227439404	-3.12672414556
64.07	4.67247867584	4.574		-0.844918370247	-3.4185656155
64.17	4.58369064331	4.488		-0.877317070961	-3.39666977698
64.27	4.49919891357	4.404		-0.84312826395	-3.07126239964
64.37	4.49919891357	4.319		-0.84312826395	-3.42194382984
64.47	4.4172129631	4.236		-0.818067193031	-5.66830947343
64.57	4.31857967377	4.152		-0.976569056511	-4.88368251304
64.67	4.21815633774	4.07		-1.00244545937	-4.45268188087
64.77	4.11128854752	3.988		-1.05632507801	-3.98639359639
64.87	4.00101947784	3.906		-1.10269010067	-3.53547411838
64.97	3.89182448387	3.825		-1.0919495821	-3.13563560327
65.07	3.785851717	3.745		-1.0371941328	-2.76012277147
65.17	3.68113183975	3.665		-1.04719758034	-2.32969399716
65.27	3.58410954475	3.586		-0.958845496178	-2.05229104872
65.37	3.48995137215	3.508		-0.930487751961	-1.73469022193
65.47	3.40313243866	3.43		-0.868189394474	-1.50186134987
65.57	3.31667160988	3.352		-0.854276359081	-1.21697160744
65.67	3.243278265	3.276		-0.724894225597	-1.19407422335
65.77	3.17239093781	3.2		-0.708872139454	-1.10969365051
65.87	3.11027503014	3.124		-0.613235712051	-1.22087964273
65.97	3.05263447762	3.05		-0.576406180859	-1.40987358923
66.07	2.99946904182	2.976		-0.531654119492	-1.59570011515
66.17	2.94952583313	2.903		-0.494487762451	-1.91754630182
66.27	2.90369963646	2.83		-0.458260804415	-2.26981233582
66.37	2.85483050346	2.758		-0.488692164421	-2.62420080112
66.47	2.80220222473	2.687		-0.521073162556	-2.8714721105
66.57	2.74205541611	2.616		-0.595512211323	-2.99059819973
66.67	2.67797040939	2.547		-0.639059007168	-3.10159193988
66.77	2.6092312336	2.478		-0.678812980652	-3.10520437294
66.87	2.53780698776	2.409		-0.712452352047	-3.13107946783
66.97	2.4619076252	2.342		-0.758994460106	-3.06923501052
67.07	2.3822491169	2.275		-0.788699150085	-2.89054550473
67.17	2.30133748055	2.209		-0.809116721153	-2.72237997713
67.27	2.2172036171	2.144		-0.831235706806	-2.24642648971
67.37	2.13468074799	2.08		-0.825227439404	-2.48805992037
67.47	2.04983091354	2.016		-0.840097546577	-1.81477746417
67.57	1.96927726269	1.953		-0.797560930252	-1.55763460887
67.67	1.89087164402	1.891		-0.776292622089	-1.29103882399
67.77	1.81980538368	1.83		-0.708872139454	-1.1230502208
67.87	1.75321435928	1.77		-0.659317016602	-0.961361099359
67.97	1.68930840492	1.71		-0.639059007168	-0.794655494711
68.07	1.63274180889	1.652		-0.565665721893	-0.79423997262
68.17	1.58351457119	1.594		-0.487398326397	-0.863669237679
68.27	1.54055261612	1.537		-0.429619520903	-1.04436390696
68.37	1.4974116087	1.481		-0.427138179541	-1.13628600813
68.47	1.4630420208	1.426		-0.343695580959	-1.47394420366
68.57	1.42992556095	1.372		-0.331165015697	-1.68723739165
68.67	1.42204916477	1.318		-0.0762113779783	-2.77101932624
68.77	1.36584055424	1.266		-0.5620855093	-2.39162419681
68.87	1.32538473606	1.215		-0.404558360577	-2.60183463856
68.97	1.27544140816	1.164		-0.494487762451	-2.60234083735
69.07	1.21762180328	1.115		-0.578196227551	-2.50255387681
69.17	1.15496897697	1.066		-0.624738335609	-2.26442374456
69.27	1.09303212166	1.018		-0.613235712051	-2.11310843505
69.37	1.03306436539	0.972		-0.593739748001	-1.99337979577
69.47	0.970053493977	0.926		-0.630108594894	-1.7773481581
69.57	0.910801827908	0.881		-0.586650371552	-1.55209392114
69.67	0.852445185184	0.837		-0.583566427231	-1.33027676451
69.77	0.80106985569	0.795		-0.50866663456	-1.25769779403
69.87	0.754885733128	0.753		-0.460050880909	-1.19913500731
69.97	0.715145945549	0.712		-0.397398024797	-1.24576125329
70.07	0.6813133955	0.672		-0.334975600243	-1.36733531398
70.17	0.652493059635	0.634		-0.288203090429	-1.54787264129
70.27	0.622419714928	0.596		-0.300733625889	-1.62016868858
70.37	0.591630339622	0.56		-0.304845511913	-1.81047490986
70.47	0.559050858021	0.524		-0.325794786215	-1.68573770944
70.57	0.524502277374	0.49		-0.342065036297	-1.62960596925
70.67	0.490669727325	0.457		-0.334975600243	-1.60434668616
70.77	0.457911252975	0.424		-0.327584862709	-1.59298000877
70.87	0.425152778625	0.393		-0.327584862709	-1.58786500395
70.97	0.394900411367	0.363		-0.302523732185	-1.58556325178
71.07	0.367154151201	0.334		-0.277462601662	-1.5845274633
71.17	0.339049875736	0.307		-0.278260111809	-1.58406135848
71.27	0.309871554375	0.28		-0.288894325495	-1.58385161132
71.37	0.281588256359	0.255		-0.282832860947	-1.58375722509
71.47	0.252051919699	0.23		-0.292438983917	-1.58371475129
71.57	0.222157567739	0.207		-0.298943579197	-1.58369563808
71.67	0.194411307573	0.185		-0.277462601662	-1.24481278714
71.77	0.167023062706	0.164		-0.271170705557	-1.17386950421
71.87	0.139813825488	0.145		-0.272092342377	-1.0510217769
71.97	0.11582673341	0.126		-0.239870890975	-0.941023549603
72.07	0.0955988168716	0.109		-0.20027641952	-0.917385347321
72.17	0.081278167665	0.093		-0.143206492066	-0.939453906295
72.27	0.0667785108089	0.079		-0.143560960889	-0.931960757833
72.37	0.0585441365838	0.065		-0.0823437348008	-1.01789784102
72.47	0.0472666248679	0.053		-0.112775117159	-0.978876528461
72.57	0.0286497790366	0.042		-0.182518079877	-0.747674937807
72.67	0.0159402005374	0.032		-0.127095773816	-0.667119222013
72.77	0.00591574516147	0.024		-0.100244559348	-0.633899649906
72.87	-0.003034661524	0.016		-0.0886178836226	-0.560851592458
72.97	-0.0116270529106	0.011		-0.0859238952398	-0.486179966606
73.07	-0.0164602734149	0.006		-0.048332195729	-0.461680234973
73.17	-0.0202194452286	0.003		-0.0372195132077	-0.425927355738
73.27	-0.0229045674205	0.001		-0.0268512200564	-0.360275310082
73.37	-0.0257686972618	0.001		-0.0286413002759	-0.272632639537
