%1-Time(seg)	2-Pos_Encoder	3-x_ref	4-Velo_Encoder(m/s)	5-Torque(N.m)
3.25	-0.0476161427796	0.0		-0.375917077065	-1.06166982678
3.35	-0.0735723227262	0.003		-0.256991833448	-0.958756412638
3.45	-0.0982754454017	0.011		-0.245241135359	-0.714934534826
3.55	-0.139626324177	0.026		-0.409414619207	0.078773721503
3.65	-0.149292767048	0.045		-0.0957073122263	0.078773721503
3.75	-0.154125988483	0.07		-0.048332195729	0.201803872309
3.85	-0.158064171672	0.1		-0.0389918722212	0.617120720915
3.95	-0.158064171672	0.135		0.0	1.01217023128
4.05	-0.158064171672	0.175		0.0	1.56004230672
4.15	-0.167014583945	0.221		-0.0886178836226	2.43348819113
4.25	-0.148218736053	0.27		0.187958538532	2.59547221052
4.35	-0.117787353694	0.325		0.30431380868	2.84811991011
4.45	-0.072140276432	0.384		0.45195120573	3.05681607321
4.55	-0.0161107294261	0.447		0.560295462608	3.22714481869
4.65	0.0510173179209	0.515		0.669490337372	3.36256468281
4.75	0.12602172792	0.587		0.740845561028	3.5617325172
4.85	0.209439516068	0.663		0.834177911282	3.67636002414
4.95	0.303955823183	0.743		0.943372786045	3.70769922987
5.05	0.410286664963	0.827		1.052780509	3.66438880178
5.15	0.527715981007	0.915		1.17429339886	3.51575470844
5.25	0.652842640877	1.007		1.23887789249	3.40090190789
5.35	0.779043376446	1.102		1.26021718979	3.35617280686
5.45	0.903454065323	1.2		1.24410653114	3.38171490766
5.55	1.02911782265	1.302		1.24242269993	3.40554647099
5.65	1.15478157997	1.407		1.25663709641	3.43184425466
5.75	1.27972924709	1.515		1.24768662453	3.48340462168
5.85	1.40306580067	1.626		1.22115421295	3.60035691199
5.95	1.52353823185	1.74		1.20293450356	3.73682247066
6.05	1.64060950279	1.857		1.17071306705	3.94174240231
6.15	1.75768077374	1.976		1.15912187099	4.14564747512
6.25	1.87869024277	2.098		1.20830488205	4.20893188351
6.35	2.00095272064	2.222		1.21052014828	4.36512940604
6.45	2.12554240227	2.349		1.24589645863	4.4342236089
6.55	2.24995303154	2.478		1.24231624603	4.60773613502
6.65	2.3772277832	2.609		1.25837385654	4.72978590808
6.75	2.50503969193	2.742		1.27632796764	4.85669970185
6.85	2.63338851929	2.877		1.26900815964	5.04188392666
6.95	2.76227426529	3.013		1.27432513237	5.22749988424
7.05	2.89474034309	3.152		1.3228700161	5.30197850875
7.15	3.04116892815	3.292		1.46249628067	5.18448000081
7.25	3.19028282166	3.433		1.47460150719	5.16609825549
7.35	3.34458780289	3.576		1.54125988483	5.03771048252
7.45	3.50139904022	3.72		1.55258524418	4.99973025332
7.55	3.66035819054	3.865		1.58780217171	4.62244838018
7.65	3.82307648659	4.011		1.60930085182	4.47130006117
7.75	3.98615288734	4.157		1.61461782455	4.37569575903
7.85	4.14726018906	4.305		1.60928308964	4.30842704637
7.95	4.3096203804	4.453		1.60575592518	4.30983485229
8.05	4.46840047836	4.602		1.57030880451	4.33997020802
8.15	4.62377929688	4.752		1.55200052261	4.39756982017
8.25	4.77951622009	4.901		1.55558073521	4.42063044659
8.35	4.93006229401	5.051		1.4905526638	4.52828876775
8.45	5.08669424057	5.201		1.56453096867	4.45595117483
8.55	5.2431473732	5.351		1.56274080276	4.44502237342
8.65	5.39602041245	5.501		1.51182115078	4.53748985488
8.75	5.54728221893	5.651		1.51082849503	4.564702248
8.85	5.69263696671	5.8		1.43738210201	4.72638402334
8.95	5.84533071518	5.949		1.52514922619	4.5902405925
9.05	5.99712944031	6.097		1.51619875431	4.59978913908
9.15	6.14248418808	6.245		1.43915438652	4.7215729538
9.25	6.28837585449	6.392		1.45712602139	4.73046052586
9.35	6.43229818344	6.538		1.43922531605	4.75992282864
9.45	6.57586288452	6.683		1.41965854168	4.79946514968
9.55	6.71584701538	6.826		1.39984357357	4.84346547138
9.65	6.86460256577	6.969		1.48576748371	4.66205021069
9.75	7.01711750031	7.11		1.49348926544	4.62149866136
9.85	7.17195940018	7.25		1.54663026333	4.44119492312
9.95	7.31981992722	7.389		1.4621950388	4.22935089446
10.05	7.46410036087	7.525		1.44280552864	4.101699199
10.15	7.60122060776	7.66		1.36941218376	4.06531223487
10.25	7.73923587799	7.793		1.36648774147	3.97863777762
10.35	7.86704778671	7.924		1.27811801434	4.04927316112
10.45	7.99647045135	8.053		1.29422879219	3.9620624451
10.55	8.12481975555	8.18		1.27078056335	3.91616621499
10.65	8.25066280365	8.304		1.25663709641	3.85774935302
10.75	8.37417793274	8.426		1.23336601257	3.79365408811
10.85	8.49661922455	8.545		1.21052014828	3.74609365417
10.95	8.6169128418	8.662		1.20114457607	3.64623139554
11.05	8.74257659912	8.776		1.2548469305	3.40267935678
11.15	8.86394405365	8.887		1.19988620281	3.29698440943
11.25	8.98101520538	8.995		1.16892313957	3.17458029345
11.35	9.09933948517	9.1		1.16975593567	2.9719301685
11.45	9.20746040344	9.201		1.08120906353	2.95044008672
11.55	9.31164360046	9.3		1.04182732105	2.84619599161
11.65	9.41511058807	9.395		1.02265036106	2.7482731939
11.75	9.49834918976	9.486		0.824146330357	3.01665063722
11.85	9.58695793152	9.574		0.886090219021	2.84892764468
11.95	9.6701965332	9.658		0.824146330357	2.88488831777
12.05	9.74842262268	9.738		0.782265484333	2.88124151949
12.15	9.82253170013	9.814		0.741093635559	2.88282492647
12.25	9.90648651123	9.886		0.829463362694	2.57322482661
12.35	9.98149108887	9.954		0.748254001141	2.5289947469
12.45	10.0516624451	10.017		0.694764196873	2.46674901503
12.55	10.1200437546	10.076		0.683811068535	2.29738386247
12.65	10.1877088547	10.131		0.676650702953	2.10437922394
12.75	10.2505407333	10.18		0.620325148106	1.98597480356
12.85	10.3092556	10.225		0.587146699429	1.77921049942
12.95	10.3355693817	10.265		0.258764207363	2.34569621964
13.05	10.4075307846	10.3		0.712487816811	1.25650599818
13.15	10.428653717	10.33		0.209439501166	1.95185051851
13.25	10.4812822342	10.355		0.526283919811	1.14628068862
13.35	10.511177063	10.375		0.295983731747	1.25609555276
13.45	10.5278244019	10.389		0.166477560997	1.3404324172
13.55	10.5425033569	10.397		0.146786674857	1.20645291114
13.65	10.5528860092	10.4		0.101788945496	1.09077308616
13.75	10.5607624054	10.4		0.0787635743618	0.924333853722
13.85	10.5670280457	10.4		0.0620325133204	0.753583943834
13.95	10.5740089417	10.4		0.069813169539	0.560978061098
14.05	10.5799160004	10.4		0.0590726844966	0.371696409224
14.15	10.5870761871	10.4		0.0708943083882	0.122263318052
14.25	10.5940570831	10.4		0.069813169539	0.122263318052
14.35	10.5974578857	10.4		0.0340115427971	0.122263318052
14.45	10.5974578857	10.4		0.0	-0.418615481845
14.55	10.5999641418	10.4		0.0250611398369	-0.674726624497
14.65	10.6209077835	10.4		0.209439501166	-1.37896399121
14.75	10.60658741	10.4		-0.141788616776	-0.943125129069
14.85	10.583316803	10.4		-0.232710570097	-0.737063588896
14.95	10.5663108826	10.4		-0.168373957276	-0.830880038734
15.05	10.5321207047	10.4		-0.341905534267	-0.403580175062
15.15	10.5109977722	10.4		-0.211229592562	-0.533302400106
15.25	10.4900541306	10.4		-0.207365840673	-0.495539062229
15.35	10.4709005356	10.4		-0.18964228034	-0.480351200292
15.45	10.4691104889	10.4		-0.0179008115083	-0.566148242357
15.55	10.4515676498	10.4		-0.173691049218	-0.252664323654
15.65	10.4447650909	10.4		-0.0680230855942	-0.394646958217
15.75	10.4334878922	10.4		-0.112775117159	-0.304734003983
15.85	10.4216737747	10.4		-0.116975605488	-0.272210225797
15.95	10.4032363892	10.4		-0.184378370643	-0.109582654381
16.05	10.383187294	10.4		-0.200489118695	-0.0189063599516
16.15	10.3651075363	10.4		-0.179008126259	-0.0126471853355
16.25	10.3498916626	10.4		-0.15215690434	-0.0467523650515
16.35	10.3407621384	10.4		-0.0886178836226	-0.181572297407
16.45	10.3312749863	10.4		-0.0939349606633	-0.210997947773
16.55	10.3212509155	10.4		-0.100244559348	-0.210997947773
16.65	10.3155221939	10.4		-0.0567154437304	0.179724473962
16.75	10.3148059845	10.4		-0.00708943046629	0.179724473962
16.85	10.3148059845	10.4		-0.00708943046629	0.177183329857
16.95	10.3112258911	10.4		-0.0358016230166	0.325761579052
17.05	10.3085403442	10.4		-0.0265853628516	0.417256171211
17.15	10.3083610535	10.4		-0.00179008126725	0.467277293673
17.25	10.3083610535	10.4		0.0	0.549096770089
17.35	10.3083610535	10.4		0.0	0.638780393698
17.45	10.3083610535	10.4		0.0	0.732302652075
17.55	10.3081817627	10.4		-0.00179008126725	0.832897560613
17.65	10.3078241348	10.4		-0.00358016253449	0.936760619582
17.75	10.3078241348	10.4		0.0	1.03005172642
17.85	10.3078241348	10.4		0.0	1.12981820914
17.95	10.3076448441	10.4		-0.00179008126725	1.23490895921
18.05	10.3076448441	10.4		0.0	1.3333919643
18.15	10.3076448441	10.4		0.0	1.43507332856
18.25	10.3012008667	10.4		-0.0644429177046	1.70525844147
18.35	10.3341379166	10.4		0.329374939203	0.592685594986
18.45	10.3405818939	10.4		0.0638048797846	0.868597970234
18.55	10.3470258713	10.4		0.0644429177046	0.829079493774
18.65	10.3540067673	10.4		0.0680230855942	0.792047945097
18.75	10.3591976166	10.4		0.051398370415	0.805489340399
18.85	10.3651046753	10.4		0.0590726844966	0.782563259388
18.95	10.3715486526	10.4		0.0638048797846	0.762595739893
19.05	10.3776350021	10.4		0.0608627647161	0.759193164134
19.15	10.3837213516	10.4		0.0608627647161	0.754020251841
19.25	10.390165329	10.4		0.0638048797846	0.743860478785
19.35	10.3969678879	10.4		0.0680230855942	0.730690254305
19.45	10.403591156	10.4		0.065577223897	0.729126324931
19.55	10.4100351334	10.4		0.0638048797846	0.73047494849
19.65	10.4166584015	10.4		0.0662330091	0.72534149207
19.75	10.4231023788	10.4		0.0644429177046	0.72774986883
19.85	10.429725647	10.4		0.065577223897	0.723379434714
19.95	10.4361696243	10.4		0.0644429177046	0.726337187535
20.05	10.4429721832	10.4		0.0680230855942	0.718073484605
20.15	10.4494161606	10.4		0.0638048797846	0.724331676795
20.25	10.4560394287	10.4		0.0662330091	0.720918336449
20.35	10.4626626968	10.4		0.065577223897	0.720275770735
20.45	10.4560394287	10.4		-0.0662330091	1.00355567624
20.55	10.4492368698	10.4		-0.0673495829105	1.08958820572
20.65	10.4424343109	10.4		-0.0673495829105	1.15062420703
20.75	10.4358110428	10.4		-0.0662330091	1.19242564237
20.85	10.4291877747	10.4		-0.0662330091	1.22343009574
20.95	10.4222068787	10.4		-0.0691219493747	1.2521863041
21.05	10.4154043198	10.4		-0.0662330091	1.26373571192
21.15	10.4087810516	10.4		-0.0662330091	1.27477334581
21.25	10.4021577835	10.4		-0.065577223897	1.28272044222
21.35	10.3953552246	10.4		-0.0680230855942	1.2927311712
21.45	10.3883743286	10.4		-0.069813169539	1.30241233584
21.55	10.3817510605	10.4		-0.065577223897	1.29899123435
21.65	10.3749485016	10.4		-0.0673495829105	1.30230180756
21.75	10.3683252335	10.4		-0.065577223897	1.30163351476
21.85	10.3615226746	10.4		-0.0680230855942	1.30634858343
21.95	10.3547201157	10.4		-0.0673495829105	1.30578432556
22.05	10.3480968475	10.4		-0.065577223897	1.30414092771
22.15	10.3414735794	10.4		-0.0662330091	1.30386510118
22.25	10.3343133926	10.4		-0.0716032460332	1.3165311454
22.35	10.3271532059	10.4		-0.0708943083882	1.63553659861
22.45	10.3151597977	10.4		-0.119935445487	1.92870124402
22.55	10.3266162872	10.4		0.114565201104	1.54643463022
22.65	10.3382520676	10.4		0.113430887461	1.2136464333
22.75	10.3436222076	10.4		0.0537024401128	1.21605230245
22.85	10.3450546265	10.4		0.014320650138	1.25028997861
22.95	10.3468446732	10.4		0.017549816519	1.22994929073
23.05	10.3477401733	10.4		0.00895040575415	1.23831980002
23.15	10.3479194641	10.4		0.00177235761657	1.25122420738
23.25	10.3479194641	10.4		0.0	1.25844387928
23.35	10.3479194641	10.403		0.0	1.26181849184
23.45	10.3479194641	10.411		0.0	1.33171667879
23.55	10.3479194641	10.426		0.0	1.43845052052
23.65	10.3541851044	10.445		0.0626528412104	1.76888505141
23.75	10.3677892685	10.47		0.134699165821	1.81761020118
23.85	10.3892698288	10.5		0.214809760451	1.86912945155
23.95	10.4120035172	10.535		0.227340310812	2.01848009151
24.05	10.4384965897	10.575		0.262308895588	2.16102833694
24.15	10.4685697556	10.62		0.300733625889	2.30666394318
24.25	10.5040130615	10.669		0.345731347799	2.45280507184
24.35	10.5437526703	10.723		0.397398024797	2.56698068453
24.45	10.5920848846	10.782		0.47853654623	2.63166528917
24.55	10.6439971924	10.845		0.513983666897	2.77473488705
24.65	10.702712059	10.912		0.587146699429	2.82321769728
24.75	10.7671546936	10.984		0.638048768044	2.90319144944
24.85	10.8367891312	11.059		0.689447164536	3.00350342272
24.95	10.9096450806	11.139		0.728563010693	3.07973473072
25.05	10.9850072861	11.222		0.753624260426	3.25976428171
25.15	11.0650243759	11.309		0.790471494198	3.37700134273
25.25	11.1547079086	11.399		0.896830677986	3.3607718566
25.35	11.2429590225	11.493		0.880719959736	3.53957383269
25.45	11.3306732178	11.59		0.866682887077	3.80468978207
25.55	11.4207143784	11.691		0.898620843887	3.99534662805
25.65	11.5173788071	11.794		0.957073092461	4.15652593598
25.75	11.6156539917	11.901		0.980964541435	4.3199352192
25.85	11.7142877579	12.01		0.98633480072	4.6050456995
25.95	11.8207979202	12.122		1.052780509	4.71179370324
26.05	11.930888176	12.237		1.10089993477	4.86051456866
26.15	12.0438423157	12.355		1.12775111198	5.03923973579
26.25	12.1621665955	12.475		1.17152833939	5.18422689161
26.35	12.28353405	12.597		1.21367514133	5.29532484297
26.45	12.4104509354	12.721		1.26737761497	5.37147350651
26.55	12.5422010422	12.847		1.30268275738	5.44572768094
26.65	12.6759204865	12.976		1.33719074726	5.51243042808
26.75	12.8114299774	13.106		1.33990240097	5.66123004722
26.85	12.951593399	13.238		1.38775599003	5.66544244229
26.95	13.1003494263	13.371		1.4875575304	5.54898215935
27.05	13.2476730347	13.506		1.45865046978	5.59577614508
27.15	13.4032306671	13.643		1.5537904501	5.43295478981
27.25	13.5596837997	13.78		1.56453096867	5.36091876096
27.35	13.7157793045	13.919		1.54549598694	5.02420672439
27.45	13.8702630997	14.059		1.54305005074	4.95587881314
27.55	14.0247468948	14.2		1.54305005074	4.89019367314
27.65	14.1786937714	14.341		1.52422738075	4.89114424144
27.75	14.3276281357	14.483		1.4875575304	4.93106309255
27.85	14.4756679535	14.626		1.47860705853	4.9743975866
27.95	14.6229915619	14.77		1.47144675255	5.01753655054
28.05	14.7699575424	14.913		1.46786665916	5.0556488918
28.15	14.9156703949	15.057		1.42855489254	5.11889851445
28.25	15.0620994568	15.201		1.46249628067	5.11389191351
28.35	15.2099599838	15.345		1.47681713104	5.08559161252
28.45	15.3554935455	15.489		1.42504501343	5.18198254871
28.55	15.5017433167	15.633		1.46070623398	5.13929750635
28.65	15.6580171585	15.776		1.56095099449	4.94538873257
28.75	15.8162603378	15.919		1.5667642355	4.85291650485
28.85	15.98416996	16.061		1.67909622192	4.59611246807
28.95	16.1510047913	16.202		1.66656553745	4.10621049569
29.05	16.3065624237	16.343		1.54017877579	4.03406425763
29.15	16.4637317657	16.483		1.56990122795	3.75852500613
29.25	16.6094436646	16.622		1.44092679024	3.77235833854
29.35	16.7521133423	16.759		1.42669475079	3.65191584093
29.45	16.8851165771	16.896		1.3168617487	3.72055399082
29.55	17.011138916	17.031		1.24596738815	3.85404243894
29.65	17.1267776489	17.164		1.15460240841	4.04681630902
29.75	17.2431335449	17.296		1.16176259518	4.10158372868
29.85	17.3594894409	17.426		1.15203237534	4.46496311052
29.95	17.4706535339	17.555		1.10985040665	4.64022009381
30.05	17.5807437897	17.681		1.10089993477	4.76006224368
30.15	17.6922664642	17.805		1.10240638256	4.7801124204
30.25	17.8077259064	17.927		1.15460240841	4.69736703525
30.35	17.9237232208	18.047		1.14671528339	4.67848937337
30.45	18.0429420471	18.164		1.19040417671	4.55765264807
30.55	18.1544647217	18.279		1.11343050003	4.62095305526
30.65	18.2672405243	18.391		1.11481297016	4.60138836781
30.75	18.3792991638	18.501		1.11880075932	4.53905526022
30.85	18.4931488037	18.607		1.13849163055	4.46298581403
30.95	18.5880222321	18.711		0.939349472523	4.7570697763
31.05	18.7149391174	18.811		1.26737761497	4.17107709742
31.15	18.8271770477	18.908		1.12059092522	4.24389627248
31.25	18.9392356873	19.002		1.10949587822	4.24389627248
31.35	19.0503997803	19.093		1.10985040665	4.12557520635
31.45	19.1633529663	19.18		1.12954127789	4.12557520635
31.55	19.2782764435	19.263		1.13608121872	3.70687920226
31.65	19.3876495361	19.342		1.09373962879	3.33330292559
31.75	19.5007820129	19.417		1.1201300621	5.34270548777
31.85	19.5007820129	19.489		1.1201300621	0.793347752178
31.95	19.5657615662	19.556		0.649799466133	5.68053483928
32.05	19.6260871887	19.619		0.601467251778	3.58734161108
32.15	19.6914253235	19.678		0.64691054821	3.88707911809
32.25	19.7535419464	19.732		0.621158123016	3.82776161436
32.35	19.8095722198	19.781		0.560295462608	3.80867338252
32.45	19.8754463196	19.826		0.652227699757	3.42614802346
32.55	19.9447231293	19.866		0.692761421204	3.01784850524
32.65	20.0165061951	19.901		0.717822551727	2.51432929584
32.75	20.0829181671	19.931		0.649343252182	2.14920720439
32.85	20.145570755	19.955		0.626528441906	1.68206531725
32.95	20.1946182251	19.975		0.483853638172	1.43804543375
33.05	20.2576293945	19.989		0.630108594894	0.615033221811
33.15	20.2859134674	19.997		0.282832860947	0.709085522945
33.25	20.3158073425	20.0		0.295983731747	0.238191453086
33.35	20.3349609375	20.0		0.191538691521	0.238191453086
33.45	20.3464183807	20.0		0.114565201104	-0.273506142482
33.55	20.3503570557	20.0		0.0389918722212	-0.429374085863
33.65	20.3516101837	20.0		0.0125305699185	-0.678864890722
33.75	20.3682575226	20.0		0.166477560997	-1.38686473814
33.85	20.3516101837	20.0		-0.16482925415	-1.0694889356
33.95	20.3295917511	20.0		-0.220179989934	-1.06491153834
34.05	20.3154506683	20.0		-0.141416430473	-1.35311600525
34.15	20.2980861664	20.0		-0.170233219862	-1.47706095051
34.25	20.2703399658	20.0		-0.277462601662	-1.36488559632
34.35	20.2372226715	20.0		-0.327886164188	-1.25904815586
34.45	20.2041053772	20.0		-0.327886164188	-1.21247934307
34.55	20.1711673737	20.0		-0.329374939203	-1.15061689019
34.65	20.1384086609	20.0		-0.324341446161	-1.08087884335
34.75	20.1029644012	20.0		-0.354436069727	-0.907427152299
34.85	20.0768299103	20.0		-0.261351853609	-0.98091000825
34.95	20.0485458374	20.0		-0.280032515526	-0.641952755112
35.05	20.024559021	20.0		-0.237495943904	-0.629732779815
35.15	20.0152511597	20.0		-0.0930842235684	-0.889119736146
35.25	19.991443634	20.0		-0.235723555088	-0.64161643031
35.35	19.9687099457	20.0		-0.227340310812	-0.611318398924
35.45	19.9474086761	20.0		-0.210910573602	-0.615377610227
35.55	19.9332675934	20.0		-0.141416430473	-0.752895622613
35.65	19.923242569	20.0		-0.100244559348	-0.541618199994
35.75	19.910533905	20.0		-0.125837385654	-0.344335743133
35.85	19.9015827179	20.0		-0.0895040631294	-0.254940044605
35.95	19.8679294586	20.0		-0.336535304785	0.530397728031
36.05	19.8555774689	20.0		-0.122292682528	0.457393734284
36.15	19.8553981781	20.0		-0.00179008126725	0.370530868433
36.25	19.8553981781	20.0		0.0	0.456625972145
36.35	19.8553981781	20.0		0.0	0.566065793246
36.45	19.8553981781	20.0		0.0	0.690490259654
36.55	19.8553981781	20.0		0.0	0.825703670683
36.65	19.8553981781	20.0		0.0	0.968685121839
36.75	19.8553981781	20.0		0.0	1.11725956189
36.85	19.8553981781	20.0		0.0	1.26986095394
36.95	19.8553981781	20.0		0.0	1.42536175143
37.05	19.8478794098	20.0		-0.0751834064722	1.77455894029
37.15	19.8793849945	20.0		0.31193497777	1.0335187555
37.25	19.8811759949	20.0		0.0179008115083	1.55477056353
37.35	19.8860092163	20.0		0.048332195729	1.6196485236
37.45	19.8890514374	20.0		0.0298346895725	1.76319639467
37.55	19.8945999146	20.0		0.0554925203323	1.81014314015
37.65	19.9028339386	20.0		0.0823437348008	1.81667987799
37.75	19.9171543121	20.0		0.141788616776	1.70013717458
37.85	19.9423942566	20.0		0.252401441336	1.12445302087
37.95	19.9586849213	20.0		0.162897393107	1.131316857
38.05	19.965845108	20.0		0.0708943083882	1.25292120128
38.15	19.9722900391	20.0		0.0644429177046	1.27231298899
38.25	19.9790916443	20.0		0.0673495829105	1.27348969056
38.35	19.9855365753	20.0		0.0644429177046	1.28349328659
38.45	19.9921607971	20.0		0.0662330091	1.28368399043
38.55	19.9989624023	20.0		0.0673495829105	1.28349185093
38.65	20.0059432983	20.0		0.069813169539	1.27782838333
38.75	20.0127449036	20.0		0.0680230855942	1.28076076052
38.85	20.0197257996	20.0		0.0691219493747	1.2789133824
38.95	20.0267066956	20.0		0.069813169539	1.27634652632
39.05	20.0336875916	20.0		0.069813169539	1.27540561037
39.15	20.0406684875	20.0		0.0691219493747	1.27687218163
39.25	20.0476493835	20.0		0.069813169539	1.27487686177
39.35	20.0542736053	20.0		0.065577223897	1.28292448458
39.45	20.0612545013	20.0		0.0691219493747	1.27865649038
39.55	20.0673408508	20.0		0.0602601617575	1.29760869431
39.65	20.0736064911	20.0		0.0620325133204	0.976973567716
39.75	20.0796928406	20.0		0.0608627647161	0.819755709189
39.85	20.0859584808	20.0		0.0626528412104	0.659746491684
39.95	20.0927600861	20.0		0.0673495829105	0.489925176146
40.05	20.0993843079	20.0		0.0662330091	0.32933224892
40.15	20.1061859131	20.0		0.0680230855942	0.156567068807
40.25	20.1122722626	20.0		0.0602601617575	0.00296291744764
40.35	20.1181793213	20.0		0.0590726844966	0.00296291744764
40.45	20.1210441589	20.0		0.0286413002759	0.00296291744764
40.55	20.1210441589	20.0		0.0	-0.330262643554
40.65	20.1226558685	20.0		0.0161107294261	-0.487089837045
40.75	20.1086940765	20.0		-0.139626339078	-0.225418985843
40.85	20.0938358307	20.0		-0.147105693817	-0.155263293998
40.95	20.0795154572	20.0		-0.143206492066	-0.11242518423
41.05	20.07056427	20.0		-0.0877490788698	-0.204069000917
41.15	20.0601825714	20.0		-0.103824712336	0.0858698554576
41.25	20.0528430939	20.0		-0.0733933374286	0.0995313244005
41.35	20.0528430939	20.0		0.0	0.0995313244005
41.45	20.0499782562	20.0		-0.0268512200564	0.0995313244005
41.55	20.0469360352	20.0		-0.0304313823581	0.0292589319337
41.65	20.0469360352	20.0		0.0	0.0292589319337
41.75	20.0444297791	20.0		-0.0250611398369	0.0292589319337
41.85	20.0372695923	20.0		-0.0716032460332	0.112170038977
41.95	20.0372695923	20.0		0.0	0.112170038977
42.05	20.03673172	20.0		-0.00537024345249	0.112170038977
42.15	20.0329723358	20.0		-0.0372195132077	0.0354401140871
42.25	20.0313606262	20.0		-0.0161107294261	0.00157541566531
42.35	20.0308227539	20.0		-0.00537024345249	0.00157541566531
42.45	20.0302848816	20.0		-0.00531707331538	0.00157541566531
42.55	20.0265254974	20.0		-0.0375917032361	0.0249975991241
42.65	20.0250930786	20.0		-0.014320650138	0.0249975991241
42.75	20.0247344971	20.0		-0.00354471523315	0.0249975991241
42.85	20.0236606598	20.0		-0.010740486905	-0.031210328319
42.95	20.0215129852	20.0		-0.02148097381	-0.0119876872696
43.05	20.0059394836	20.0		-0.15419511497	0.277537948987
43.15	20.0018215179	20.0		-0.0411718674004	0.123699534355
43.25	20.0018215179	20.0		0.0	0.0270315198577
43.35	20.0016422272	19.999		-0.00177235761657	0.0270315198577
43.45	20.0012836456	19.997		-0.00358016253449	0.0270315198577
43.55	19.9969882965	19.994		-0.0425365865231	0.0582428106777
43.65	19.9953765869	19.989		-0.0159512199461	0.0582428106777
43.75	19.9941234589	19.983		-0.0125305699185	0.0582428106777
43.85	19.9907226562	19.976		-0.0336747914553	0.0496999311181
43.95	19.9889316559	19.968		-0.0179008115083	0.0496999311181
44.05	19.9878578186	19.958		-0.010740486905	0.0496999311181
44.15	19.984457016	19.947		-0.0336747914553	0.0427299518495
44.25	19.9828453064	19.935		-0.0161107294261	0.0427299518495
44.35	19.9814128876	19.921		-0.014320650138	0.0427299518495
44.45	19.978012085	19.906		-0.0336747914553	0.0379991130558
44.55	19.9764003754	19.89		-0.0161107294261	0.0379991130558
44.65	19.9755058289	19.873		-0.00895040575415	0.0379991130558
44.75	19.9721050262	19.855		-0.0336747914553	-0.708999173895
44.85	19.9604701996	19.835		-0.116355285048	-1.23559980223
44.95	19.9463291168	19.814		-0.138643547893	-1.26761983775
45.05	19.9289646149	19.792		-0.173637896776	-1.33591046384
45.15	19.9028301239	19.769		-0.261351853609	-1.25613237571
45.25	19.8702507019	19.745		-0.322569072247	-1.15156775704
45.35	19.840177536	19.72		-0.300733625889	-1.20751575998
45.45	19.8118934631	19.693		-0.282832860947	-1.30044720656
45.55	19.775018692	19.665		-0.365105688572	-1.19919158773
45.65	19.7445869446	19.636		-0.30431380868	-1.34990811877
45.75	19.7132606506	19.606		-0.311474114656	-1.41647250207
45.85	19.6855144501	19.575		-0.274715423584	-1.59647430011
45.95	19.6563358307	19.543		-0.291783213615	-1.69051703075
46.05	19.6267986298	19.51		-0.292438983917	-1.81810223597
46.15	19.594039917	19.475		-0.327584862709	-1.8634641915
46.25	19.554479599	19.44		-0.395607978106	-1.82037501769
46.35	19.514919281	19.403		-0.391691058874	-1.84020387518
46.45	19.4744625092	19.366		-0.402768284082	-1.89343543243
46.55	19.4343643188	19.327		-0.400978237391	-1.62833089655
46.65	19.3955192566	19.287		-0.38460162282	-1.63633092948
46.75	19.3556003571	19.247		-0.399188101292	-1.58371704074
46.85	19.3155021667	19.205		-0.400978237391	-1.54328323885
46.95	19.2739715576	19.162		-0.41118696332	-1.54328323885
47.05	19.2345905304	19.118		-0.393817871809	-1.54394789826
47.15	19.2345905304	19.074		-0.393817871809	-1.89146754438
47.25	19.1968193054	19.028		-0.375917077065	-3.288598378
47.35	19.152961731	18.981		-0.429970473051	-2.35128588318
47.45	19.103017807	18.933		-0.497642576694	-2.59070388678
47.55	19.0550441742	18.885		-0.474991887808	-2.75165561544
47.65	19.0027732849	18.835		-0.522703707218	-2.75379690286
47.75	18.9492492676	18.785		-0.53523427248	-2.84772991776
47.85	18.8910713196	18.733		-0.576016187668	-2.81115422452
47.95	18.8311042786	18.681		-0.599677205086	-2.83545004172
48.05	18.7668399811	18.627		-0.642639160156	-2.73945597387
48.15	18.7040081024	18.573		-0.622097432613	-2.8111268576
48.25	18.6447563171	18.518		-0.590726852417	-2.88801050606
48.35	18.584072113	18.462		-0.599056899548	-2.64781667983
48.45	18.5269680023	18.405		-0.565382003784	-2.67176024231
48.55	18.4643154144	18.347		-0.626528441906	-2.53909925077
48.65	18.4005889893	18.289		-0.637268900871	-2.48483985559
48.75	18.3381156921	18.229		-0.624738335609	-2.46445555564
48.85	18.2811908722	18.169		-0.569245815277	-2.60386384196
48.95	18.2256984711	18.108		-0.547658443451	-2.66150533108
49.05	18.1653728485	18.046		-0.603257417679	-2.60134107047
49.15	18.1025409698	17.983		-0.628318548203	-2.55834746224
49.25	18.0382766724	17.92		-0.636276304722	-2.54046193514
49.35	17.976518631	17.855		-0.617578089237	-2.55689149133
49.45	17.9163722992	17.79		-0.601467251778	-2.63705141849
49.55	17.8483486176	17.724		-0.673495829105	-2.49441897289
49.65	17.7844429016	17.657		-0.639059007168	-2.55460475088
49.75	17.7174930573	17.59		-0.669490337372	-2.51056615999
49.85	17.6526927948	17.521		-0.635303318501	-2.56008073044
49.95	17.5850276947	17.452		-0.676650702953	-2.52882487588
50.05	17.5166473389	17.383		-0.675268232822	-2.50952979919
50.15	17.4443283081	17.312		-0.723192811012	-2.40348667059
50.25	17.3763046265	17.241		-0.680230855942	-2.50172479689
50.35	17.3106079102	17.169		-0.648682892323	-2.86598742185
50.45	17.2431221008	17.096		-0.67307060957	-3.00926003581
50.55	17.1716976166	17.023		-0.712452352047	-3.08266986139
50.65	17.1024208069	16.949		-0.685902357101	-3.24157593558
50.75	17.032787323	16.874		-0.696341633797	-3.38121543543
50.85	16.9604682922	16.799		-0.714260101318	-3.48445205534
50.95	16.8851051331	16.723		-0.744390249252	-3.52215230537
51.05	16.8099212646	16.646		-0.751834154129	-3.6167262367
51.15	16.728471756	16.569		-0.804650425911	-3.59161242287
51.25	16.6475601196	16.491		-0.801105678082	-3.63332408726
51.35	16.57380867	16.413		-0.737513482571	-3.86183919502
51.45	16.4920024872	16.334		-0.808195114136	-3.81313857332
51.55	16.4085845947	16.254		-0.832387804985	-3.82992522021
51.65	16.3230190277	16.173		-0.855658888817	-3.52162315659
51.75	16.2378120422	16.093		-0.843642294407	-3.47292533651
51.85	16.1567211151	16.011		-0.81090682745	-3.45734759833
51.95	16.0784950256	15.929		-0.782265484333	-3.54445381715
52.05	16.0038490295	15.846		-0.731827259064	-3.96910577672
52.15	15.919178009	15.763		-0.844918370247	-3.92646345784
52.25	15.837729454	15.679		-0.812696874142	-4.07400493314
52.35	15.7548484802	15.595		-0.820601582527	-4.18775324127
52.45	15.6742944717	15.51		-0.805536568165	-4.3236536352
52.55	15.5889072418	15.425		-0.84541451931	-4.3759685763
52.65	15.5004768372	15.339		-0.884300112724	-4.35692337763
52.75	15.4149112701	15.253		-0.855658888817	-4.49399737414
52.85	15.329703331	15.166		-0.841869831085	-4.60511602657
52.95	15.2412729263	15.079		-0.882510006428	-4.63054064383
53.05	15.1569604874	14.991		-0.841338157654	-4.79006813102
53.15	15.0712156296	14.903		-0.848959326744	-4.90768942965
53.25	14.9802799225	14.814		-0.909361243248	-4.86817342644
53.35	14.8855848312	14.725		-0.946952939034	-4.84815734779
53.45	14.7894573212	14.635		-0.949983775616	-4.55891520471
53.55	14.6906452179	14.546		-0.976569056511	-4.44126564334
53.65	14.5862836838	14.455		-1.04182732105	-4.20818001929
53.75	14.4821004868	14.364		-1.02973985672	-4.18685123561
53.85	14.377202034	14.273		-1.03682935238	-4.10607617854
53.95	14.2705135345	14.182		-1.0545527935	-4.02580767381
54.05	14.1631088257	14.09		-1.07404875755	-3.94530521496
54.15	14.0600004196	13.997		-1.02087807655	-4.03158762871
54.25	13.9559965134	13.904		-1.02973985672	-4.03489282837
54.35	13.8523511887	13.811		-1.03466689587	-4.02015283358
54.45	13.7501373291	13.718		-1.01024389267	-4.06770206883
54.55	13.6482820511	13.624		-1.00847148895	-3.78041820982
54.65	13.5487537384	13.53		-0.985430836678	-3.70930457832
54.75	13.4486885071	13.436		-1.00065541267	-3.54626044047
54.85	13.345580101	13.341		-1.02087807655	-3.35135780721
54.95	13.2476625443	13.246		-0.979174494743	-3.30764605734
55.05	13.1474180222	13.151		-0.99074780941	-3.14739467109
55.15	13.0521860123	13.055		-0.952323257923	-3.10291159318
55.25	12.9591016769	12.959		-0.929052114487	-3.08850039129
55.35	12.8672704697	12.863		-0.907447099686	-3.06660911719
55.45	12.7757968903	12.767		-0.912941455841	-3.01034706836
55.55	12.6871881485	12.67		-0.886090219021	-3.02445891611
55.65	12.6001901627	12.573		-0.86136585474	-3.09171073141
55.75	12.5165929794	12.476		-0.835967898369	-3.41706622186
55.85	12.4310274124	12.379		-0.853868722916	-3.48479562932
55.95	12.3434925079	12.281		-0.866682887077	-3.52264919646
56.05	12.2590007782	12.183		-0.844918370247	-3.62804854269
56.15	12.1673488617	12.086		-0.896795511246	-3.56127728532
56.25	12.0760545731	11.987		-0.91115128994	-3.51082897484
56.35	11.9824333191	11.889		-0.936212480068	-3.49972571654
56.45	11.8906021118	11.791		-0.900305688381	-3.52173858172
56.55	11.797876358	11.692		-0.925472080708	-3.48314916062
56.65	11.7026443481	11.593		-0.952323257923	-3.44084423994
56.75	11.6126031876	11.494		-0.89149582386	-3.5375452773
56.85	11.518445015	11.395		-0.941582739353	-3.45644718122
56.95	11.4284038544	11.296		-0.900410830975	-3.52607921801
57.05	11.339258194	11.197		-0.873980879784	-3.59301139471
57.15	11.2493963242	11.097		-0.898620843887	-3.56852429325
57.25	11.1632938385	10.998		-0.861029028893	-3.6715088278
57.35	11.0800552368	10.898		-0.824146330357	-4.10366822613
57.45	10.9937734604	10.798		-0.861029028893	-4.30805149346
57.55	10.903553009	10.699		-0.884510755539	-4.46687566941
57.65	10.8124380112	10.599		-0.91115128994	-4.57841853326
57.75	10.7198905945	10.499		-0.923681914806	-4.75494082063
57.85	10.6171398163	10.399		-1.00735938549	-4.71593847122
57.95	10.5161790848	10.299		-1.00960576534	-4.79377265925
58.05	10.4148607254	10.199		-1.01318585873	-4.88042084588
58.15	10.3128261566	10.099		-0.998584508896	-5.0027830809
58.25	10.2077484131	9.999		-1.05077767372	-4.99244429737
58.35	10.1026706696	9.899		-1.04898750782	-5.05346175519
58.45	9.9961605072	9.799		-1.052780509	-5.09805740268
58.55	9.89144039154	9.699		-1.04719758034	-5.16554724064
58.65	9.78439331055	9.599		-1.06867849827	-5.17176826361
58.75	9.67483997345	9.499		-1.08468282223	-5.16176874796
58.85	9.56582355499	9.4		-1.09015953541	-4.86593955794
58.95	9.45483875275	9.3		-1.09708929062	-4.74300525575
59.05	9.3413476944	9.2		-1.13491141796	-4.62609224054
59.15	9.22678279877	9.1		-1.14565193653	-4.52930890285
59.25	9.11096477509	9.001		-1.14671528339	-4.47079780883
59.35	8.9951467514	8.901		-1.1563924551	-4.389196111
59.45	8.87861251831	8.802		-1.16534292698	-4.36132235062
59.55	8.76422595978	8.703		-1.13253641129	-4.36700953567
59.65	8.65073490143	8.603		-1.13491141796	-4.36304287778
59.75	8.54350948334	8.504		-1.07225871086	-4.50558883852
59.85	8.43914794922	8.405		-1.03151226044	-4.5940319866
59.95	8.33782958984	8.307		-1.01318585873	-4.68466463574
60.05	8.23293113708	8.208		-1.03860151768	-4.33364360238
60.15	8.13429737091	8.109		-0.98633480072	-4.34584023612
60.25	8.04139232635	8.011		-0.927262127399	-4.70432432675
60.35	7.93488264084	7.913		-1.0545527935	-4.18772460631
60.45	7.83786010742	7.815		-0.970224022865	-4.21553280223
60.55	7.73904752731	7.717		-0.988124847412	-4.09414470598
60.65	7.63880300522	7.62		-0.99074780941	-3.98496870344
60.75	7.54213857651	7.522		-0.966643869877	-3.91323102356
60.85	7.44153594971	7.425		-1.00602567196	-3.77099033941
60.95	7.34075450897	7.328		-0.997837424278	-3.63312242425
61.05	7.24355316162	7.232		-0.970224022865	-3.58588705184
61.15	7.14312982559	7.135		-0.992520213127	-3.40742128759
61.25	7.04825544357	7.039		-0.946952939034	-3.40742128759
61.35	6.95320224762	6.943		-0.941121935844	-3.42064800234
61.45	6.85438966751	6.848		-0.978341460228	-3.33188957841
61.55	6.85438966751	6.753		-0.978341460228	-3.16947275557
61.65	6.75844144821	6.658		-0.9594835639	-5.59598803491
61.75	6.66052389145	6.563		-0.969479680061	-3.27127130365
61.85	6.56260633469	6.468		-0.969479680061	-3.75258091692
61.95	6.46397304535	6.374		-0.984544754028	-3.69104427469
62.05	6.36193847656	6.281		-1.01024389267	-3.58771512896
62.15	6.26169395447	6.187		-0.992520213127	-3.56469277695
62.25	6.16306066513	6.094		-0.976569056511	-3.60304308062
62.35	6.05780410767	6.001		-1.05256783962	-3.41993523122
62.45	5.96060276031	5.909		-0.960617780685	-3.55907938268
62.55	5.8635802269	5.817		-0.968433916569	-3.54102896881
62.65	5.76709461212	5.726		-0.955300807953	-3.57876093551
62.75	5.67347335815	5.634		-0.936212480068	-3.60667112954
62.85	5.58307409286	5.544		-0.903991103172	-3.71628823203
62.95	5.48623085022	5.453		-0.957073092461	-3.59365975235
63.05	5.39404153824	5.363		-0.920101761818	-3.68867688273
63.15	5.30149412155	5.274		-0.925472080708	-3.6665018175
63.25	5.21431732178	5.185		-0.86136585474	-3.78416361481
63.35	5.12624549866	5.096		-0.878929972649	-3.79263732557
63.45	5.03584623337	5.008		-0.895040631294	-3.77783120129
63.55	4.95296525955	4.92		-0.820601582527	-3.90813854988
63.65	4.86328220367	4.833		-0.896830677986	-3.80353681615
63.75	4.77198791504	4.746		-0.903902411461	-3.75260885348
63.85	4.69125509262	4.66		-0.807326674461	-3.93699587411
63.95	4.59978199005	4.574		-0.914731502533	-3.74178230453
64.05	4.51350021362	4.488		-0.852504074574	-3.83747732605
64.15	4.43061923981	4.404		-0.828807651997	-3.89817994484
64.25	4.34415817261	4.319		-0.86460930109	-3.80342353494
64.35	4.25590705872	4.236		-0.871999979019	-3.81168701609
64.45	4.16586589813	4.152		-0.900410830975	-3.69547438989
64.55	4.07654094696	4.07		-0.893250524998	-3.38744995808
64.65	3.98703694344	3.988		-0.877490818501	-3.1827335412
64.75	3.89520573616	3.906		-0.918311715126	-2.92351328595
64.85	3.80605959892	3.825		-0.882634043694	-2.79091079865
64.95	3.71888256073	3.745		-0.863138079643	-2.63727418016
65.05	3.63367462158	3.665		-0.850288629532	-2.48664499426
65.15	3.55133080482	3.586		-0.807291448116	-2.4291146567
65.25	3.47041916847	3.508		-0.809116721153	-2.28059730842
65.35	3.39076066017	3.43		-0.794796049595	-2.16239984526
65.45	3.31504011154	3.352		-0.74970728159	-2.14517581688
65.55	3.24093079567	3.276		-0.741093635559	-2.08645991839
65.65	3.17129659653	3.2		-0.696341633797	-2.06822771664
65.75	3.10255742073	3.124		-0.680585384369	-2.07642799653
65.85	3.03883051872	3.05		-0.637268900871	-2.16062351697
65.95	2.97922086716	2.976		-0.596097052097	-2.23740859254
66.05	2.92193818092	2.902		-0.565382003784	-2.62232140042
66.15	2.86966776848	2.83		-0.522703707218	-2.83726907782
66.25	2.81596541405	2.758		-0.531707286835	-2.89160312185
66.35	2.76011490822	2.687		-0.556715250015	-2.92417439857
66.45	2.70193719864	2.616		-0.579986393452	-2.89153917808
66.55	2.64322257042	2.547		-0.581333339214	-2.9047582242
66.65	2.58576107025	2.478		-0.572825968266	-2.88274922915
66.75	2.52955245972	2.409		-0.5620855093	-2.92002894863
66.85	2.46833157539	2.342		-0.606146335602	-2.83843487897
66.95	2.40496277809	2.275		-0.631898641586	-2.71954182917
67.05	2.33855080605	2.209		-0.664120137691	-2.62813445498
67.15	2.2732129097	2.144		-0.64691054821	-2.59465449016
67.25	2.20590591431	2.08		-0.67307060957	-2.49856223071
67.35	2.13215446472	2.016		-0.737513482571	-2.31108141909
67.45	2.0578660965	1.953		-0.735528409481	-2.25112359421
67.55	1.98089265823	1.891		-0.767944812775	-2.1144835082
67.65	1.90445613861	1.83		-0.756796658039	-2.06230052639
67.75	1.82891464233	1.77		-0.755414247513	-2.01156912929
67.85	1.75623738766	1.71		-0.724982976913	-2.02682347779
67.95	1.68176996708	1.652		-0.737300753593	-2.00212524815
68.05	1.6090927124	1.594		-0.724982976913	-1.97028949994
68.15	1.54035353661	1.537		-0.687391161919	-2.05217517118
68.25	1.47107744217	1.481		-0.679177939892	-2.06427021177
68.35	1.40466547012	1.426		-0.664120137691	-1.76250922455
68.45	1.34433972836	1.372		-0.603257417679	-1.72230313017
68.55	1.29081630707	1.318		-0.529934942722	-1.77174750079
68.65	1.24248409271	1.266		-0.483321934938	-1.8505580371
68.75	1.19594192505	1.215		-0.45904058218	-1.86122116228
68.85	1.15244293213	1.164		-0.434989720583	-2.18546562545
68.95	1.10966002941	1.115		-0.427829444408	-2.31051701682
69.05	1.06830918789	1.066		-0.407642245293	-2.38725919767
69.15	1.02105104923	1.018		-0.472581475973	-2.32648712026
69.25	0.973971903324	0.972		-0.470791369677	-2.31385815208
69.35	0.925639688969	0.926		-0.476764172316	-2.26420929924
69.45	0.880708634853	0.881		-0.447520315647	-2.32759550729
69.55	0.834166526794	0.837		-0.465421140194	-2.28182626064
69.65	0.787982404232	0.795		-0.457268297672	-2.27672564206
69.75	0.739471197128	0.753		-0.485112011433	-2.17741880829
69.85	0.693645119667	0.712		-0.458260804415	-2.22021819729
69.95	0.647460997105	0.672		-0.457268297672	-2.1989410049
70.05	0.602529942989	0.634		-0.449310421944	-2.19561770014
70.15	0.55652487278	0.596		-0.455495893955	-1.80852948819
70.25	0.510161757469	0.56		-0.4636310637	-1.61026957063
70.35	0.467915832996	0.524		-0.422459185123	-1.4715549578
70.45	0.426385939121	0.49		-0.41118696332	-1.34959579504
70.55	0.398997694254	0.457		-0.273882418871	-1.49648478416
70.65	0.376084655523	0.424		-0.229130402207	-1.59414496608
70.75	0.345653265715	0.393		-0.301300793886	-1.4541780306
70.85	0.32435131073	0.363		-0.213019654155	-1.86486864922
70.95	0.295889019966	0.334		-0.282832860947	-1.82301696338
71.05	0.264025568962	0.307		-0.315479636192	-1.47191177592
71.15	0.232341125607	0.28		-0.316844403744	-1.28203956871
71.25	0.201193705201	0.255		-0.30839022994	-1.16652857508
71.35	0.170762330294	0.23		-0.302523732185	-0.992819641698
71.45	0.134602695704	0.207		-0.361596405506	-0.710280013374
71.55	0.10936255008	0.185		-0.249902427197	-0.717323665256
71.65	0.088060580194	0.164		-0.213019654155	-0.694176418424
71.75	0.0762460455298	0.145		-0.118145368993	-0.841925529662
71.85	0.0574501901865	0.126		-0.186097562313	-0.645353975413
71.95	0.0476047433913	0.109		-0.0984544679523	-0.802048439761
72.05	0.0334631018341	0.093		-0.141416430473	-0.658760043904
72.15	0.0141302216798	0.079		-0.191414624453	-0.462680742095
72.25	0.00124163553119	0.065		-0.128885835409	-0.448725161924
72.35	-0.00985686853528	0.053		-0.110985040665	-0.441553226293
72.45	-0.0231034699827	0.042		-0.131154447794	-0.291724975596
72.55	-0.0304428040981	0.032		-0.0733933374286	-0.335952667476
72.65	-0.0363500714302	0.024		-0.0584878027439	-0.619780108375
72.75	-0.0449424609542	0.016		-0.0859238952398	-0.604404374298
72.85	-0.0563989803195	0.011		-0.114565201104	-0.276969121188
72.95	-0.0777009502053	0.006		-0.210910573602	0.193132686327
73.05	-0.082176156342	0.003		-0.0447520315647	0.0309385518509
73.15	-0.0873673930764	0.001		-0.051398370415	0.171845398277
73.25	-0.0927376374602	0.001		-0.0531707257032	0.29976778627
