%1-Time(seg)	2-Pos_Encoder	3-x_ref	4-Velo_Encoder(m/s)	5-Torque(N.m)
3.3	0.0	0.0		0.0	0.0
3.3	0.0	0.0		0.0	0.0
3.4	0.0	0.003		0.0	0.0
3.5	0.0	0.011		0.0	0.0
3.6	0.0	0.026		0.0	0.0
3.7	0.0	0.045		0.0	0.6777485
3.8	0.0	0.07		0.0	1.054232575
3.9	-0.00304313818924	0.1		-0.0304313823581	1.67587965875
4.0	0.0157527159899	0.135		0.186097562313	1.84142159644
4.1	0.024524115026	0.175		0.0877139791846	2.5043082184
4.2	0.047616161406	0.221		0.230920478702	2.92545794828
4.3	0.0819857269526	0.27		0.343695580959	3.28621507673
4.4	0.131391972303	0.325		0.489170730114	3.40942878453
4.5	0.19225473702	0.384		0.602601587772	3.47971945304
4.6	0.261888891459	0.447		0.696341633797	3.49365400387
4.7	0.339578419924	0.515		0.776895225048	3.45206355174
4.8	0.423891246319	0.587		0.834780395031	3.41106459828
4.9	0.512500286102	0.663		0.886090219021	3.34208381923
5.0	0.603078424931	0.743		0.905781149864	3.33530021865
5.1	0.696878671646	0.827		0.926943063736	3.28666359839
5.2	0.790499925613	0.915		0.934422433376	3.33228136928
5.3	0.885374248028	1.007		0.946952939034	3.33228136928
5.4	0.979353547096	1.102		0.930487751961	3.49988823978
5.5	1.07476484776	1.2		0.954113304615	3.6001624579
5.6	1.17178726196	1.302		0.960617780685	3.6001624579
5.7	1.27167379856	1.407		0.998865365982	3.72214835606
5.8	1.37263441086	1.515		1.00960576534	3.84614126022
5.9	1.37263441086	1.626		1.00960576534	4.0081045671
6.0	1.47824919224	1.74		1.04569089413	7.0244175552
6.1	1.59621548653	1.857		1.16621124744	6.46126289984
6.2	1.72832345963	1.976		1.32107996941	6.06436755493
6.3	1.87564718723	2.098		1.45687782764	5.55171114972
6.4	2.02762508392	2.222		1.50473153591	5.17060451737
6.5	2.1853313446	2.349		1.57527148724	4.75106478282
6.6	2.34482765198	2.478		1.57739830017	4.22189890227
6.7	2.49913263321	2.609		1.54125988483	4.08501825602
6.8	2.65379571915	2.742		1.5295445919	3.74009221521
6.9	2.80326747894	2.877		1.47991871834	3.53310949684
7.0	2.94719004631	3.013		1.43743526936	3.41071002358
7.1	3.08663749695	3.152		1.37889432907	3.32290251061
7.2	3.22608494759	3.292		1.39447331429	3.26234612977
7.3	3.35962510109	3.433		1.33361053467	3.3003312584
7.4	3.48851084709	3.576		1.27609753609	3.44126806628
7.5	3.6156065464	3.72		1.27095770836	3.64239862983
7.6	3.74252319336	3.865		1.26737761497	3.84627063342
7.7	3.86908197403	4.011		1.25305688381	4.21119253504
7.8	3.99725174904	4.157		1.27990806103	4.33713014077
7.9	4.12542152405	4.305		1.28169822693	4.63482306335
8.0	4.25645542145	4.453		1.29736578465	4.93578962851
8.1	4.3844461441	4.602		1.27811801434	5.35490633283
8.2	4.51709127426	4.752		1.31154465675	5.69496784977
8.3	4.65564346313	4.901		1.38373291492	5.9589552824
8.4	4.80726337433	5.051		1.51619875431	5.95104337708
8.5	4.96300029755	5.201		1.52683401108	5.94195001969
8.6	5.12178039551	5.351		1.5860118866	5.91685625886
8.7	5.28181362152	5.501		1.59854257107	5.90000081649
8.8	5.443816185	5.651		1.5865033865	5.83992936742
8.9	5.605281353	5.8		1.61286318302	5.80675646534
9.0	5.76603078842	5.949		1.60570287704	5.7285374094
9.1	5.92839097977	6.097		1.59001338482	5.60672758423
9.2	6.08788728714	6.245		1.59317231178	5.2582791629
9.3	6.25060558319	6.392		1.60930085182	5.46963362331
9.4	6.41225004196	6.538		1.61465334892	5.04339813049
9.5	6.57085132599	6.683		1.56853663921	4.83870290872
9.6	6.72300815582	6.826		1.50650382042	4.75136955892
9.7	6.87176370621	6.969		1.48576748371	4.62910480152
9.8	7.01532840729	7.11		1.43564510345	4.62260116068
9.9	7.1569237709	7.25		1.40016245842	4.53693527231
10.0	7.29368591309	7.389		1.36583197117	4.53621462254
10.1	7.42722606659	7.525		1.33540070057	4.58549208014
10.2	7.55503797531	7.66		1.26369094849	4.66420143606
10.3	7.6805229187	7.793		1.2548469305	4.75701589623
10.4	7.80081653595	7.924		1.19102442265	5.1625414033
10.5	7.92003583908	8.053		1.19040417671	4.97687163149
10.6	8.03657054901	8.18		1.16534292698	5.31039623417
10.7	8.15632724762	8.304		1.1857073307	5.40823230538
10.8	8.26999759674	8.426		1.13491141796	5.60224903742
10.9	8.38975429535	8.545		1.19577431679	5.60826656684
11.0	8.50843715668	8.662		1.1733007431	5.64633120508
11.1	8.62998390198	8.776		1.21546506882	5.56117679228
11.2	8.75439453125	8.887		1.24410653114	5.38926505653
11.3	8.88095283508	8.995		1.25305688381	4.94084177544
11.4	9.00625896454	9.1		1.25305688381	4.83799904895
11.5	9.13210201263	9.202		1.25663709641	4.42359932203
11.6	9.24684619904	9.3		1.13430893421	4.22697744491
11.7	9.35980033875	9.395		1.12954127789	3.91995510021
11.8	9.46362495422	9.486		1.02619493008	3.73623854509
11.9	9.55742549896	9.574		0.93800252676	3.67420484529
12.0	9.64818286896	9.658		0.898585319519	3.51567843038
12.1	9.72945213318	9.738		0.802877962589	3.48396904367
12.2	9.80642604828	9.814		0.769734919071	3.40783581965
12.3	9.8782081604	9.886		0.717822551727	3.34147511884
12.4	9.94479942322	9.954		0.659317016602	3.29297605348
12.5	10.0069150925	10.017		0.621158123016	3.26721072407
12.6	10.0652713776	10.076		0.581776499748	3.21546907583
12.7	10.1247024536	10.13		0.588422775269	3.01932583412
12.8	10.180015564	10.18		0.553135097027	2.86215737536
12.9	10.230137825	10.225		0.496260106564	2.74736281891
13.0	10.2782907486	10.265		0.47974178195	2.55590351851
13.1	10.3228635788	10.3		0.443940162659	2.32670833333
13.2	10.3636770248	10.33		0.404097557068	2.08336725
13.3	10.3942871094	10.355		0.303073167801	2.0002032625
13.4	10.4102191925	10.375		0.159317225218	2.11853671812
13.5	10.4241819382	10.389		0.138243898749	2.10264902316
13.6	10.441904068	10.397		0.177218034863	1.82567506042
13.7	10.4544343948	10.4		0.125305682421	1.60159677719
13.8	10.4576568604	10.4		0.0319024398923	1.47459529974
13.9	10.4599838257	10.4		0.0232710558921	1.31138538488
14.0	10.4624900818	10.4		0.0250611398369	1.1469489232
14.1	10.4648170471	10.4		0.0230406485498	0.953429265438
14.2	10.467502594	10.4		0.0268512200564	0.760657419447
14.3	10.4730520248	10.4		0.0549430847168	0.512391588751
14.4	10.4773483276	10.4		0.0425365865231	0.294123214938
14.5	10.479675293	10.4		0.0232710558921	0.0929616967221
14.6	10.4821815491	10.4		0.0248130038381	0.0929616967221
14.7	10.4848670959	10.4		0.0268512200564	0.0929616967221
14.8	10.4848670959	10.4		0.0	-0.479901489136
14.9	10.4897003174	10.4		0.0478536561131	-0.784795920111
15.0	10.4626703262	10.4		-0.265853643417	-0.24140641405
15.1	10.4315233231	10.4		-0.311474114656	0.260243863677
15.2	10.42096138	10.4		-0.104569092393	0.189833488655
15.3	10.4027023315	10.4		-0.182588279247	0.486845319895
15.4	10.3851594925	10.4		-0.175427958369	0.643353143953
15.5	10.3706598282	10.4		-0.143560960889	0.834234414779
15.6	10.3600978851	10.4		-0.105614796281	0.99716123665
15.7	10.3525791168	10.4		-0.0744390264153	1.10938530649
15.8	10.3411226273	10.4		-0.114565201104	1.40787838792
15.9	10.3294868469	10.4		-0.116355285048	1.71732027456
16.0	10.3180303574	10.4		-0.113430887461	2.02040587355
16.1	10.3346776962	10.4		0.166477560997	1.6218313931
16.2	10.3534736633	10.4		0.186168447137	1.35137362689
16.3	10.3608131409	10.4		0.0726666674018	1.3945961321
16.4	10.3624238968	10.4		0.0161107294261	1.57627700945
16.5	10.3679733276	10.4		0.0554925203323	1.56597715425
16.6	10.3747758865	10.4		0.0673495829105	1.52348296941
16.7	10.3826522827	10.4		0.0787635743618	1.44934133624
16.8	10.393034935	10.4		0.103824712336	1.13402835131
16.9	10.4136209488	10.4		0.205859333277	0.925227258088
17.0	10.4243612289	10.4		0.106341451406	0.79878376614
17.1	10.4329538345	10.4		0.0850731730461	0.653023444763
17.2	10.4374294281	10.4		0.0447520315647	0.600287550143
17.3	10.4410095215	10.4		0.0358016230166	0.496828397564
17.4	10.448348999	10.4		0.0726666674018	0.287414028904
17.5	10.4555091858	10.4		0.0716032460332	0.0482223130069
17.6	10.4624900818	10.4		0.069813169539	0.0482223130069
17.7	10.4528236389	10.4		-0.0957073122263	0.0482223130069
17.8	10.4404716492	10.4		-0.123515605927	0.227390122023
17.9	10.4308052063	10.4		-0.096664391458	0.27269080491
18.0	10.4207811356	10.4		-0.0992520153522	0.35777536221
18.1	10.4132623672	10.4		-0.0751834064722	0.403416912994
18.2	10.4062814713	10.4		-0.0691219493747	0.606563860847
18.3	10.4005527496	10.4		-0.0572826005518	0.470073737381
18.4	10.4003734589	10.4		-0.00179008126725	0.408653181822
18.5	10.4001941681	10.4		-0.00177235761657	0.38101393182
18.6	10.4000148773	10.4		-0.00179008126725	0.368576269319
18.7	10.4000148773	10.4		0.0	0.362979321194
18.8	10.4000148773	10.4		0.0	0.360460694537
18.9	10.4000148773	10.4		0.0	0.359327312542
19.0	10.4000148773	10.4		0.0	0.358817290644
19.1	10.3998355865	10.4		-0.00177235761657	0.35858778079
19.2	10.3998355865	10.4		0.0	0.358484501355
19.3	10.3998355865	10.4		0.0	0.35843802561
19.4	10.3998355865	10.4		0.0	0.358417111525
19.5	10.3998355865	10.4		0.0	0.358407700186
19.6	10.3998355865	10.4		0.0	0.358403465084
19.7	10.3998355865	10.4		0.0	0.358401559288
19.8	10.3998355865	10.4		0.0	0.358400701679
19.9	10.3998355865	10.4		0.0	0.358400315756
20.0	10.3998355865	10.4		0.0	0.35840014209
20.1	10.3998355865	10.4		0.0	0.358400063941
20.2	10.3998355865	10.4		0.0	0.358400028773
20.3	10.3998355865	10.4		0.0	0.358400012948
20.4	10.3998355865	10.4		0.0	0.358400012948
20.5	10.3998355865	10.4		0.0	0.358400002622
20.6	10.3998355865	10.4		0.0	0.358400002622
20.7	10.3998355865	10.4		0.0	0.35840000118
20.8	10.3998355865	10.4		0.0	0.358400000531
20.9	10.3998355865	10.4		0.0	0.358400000239
21.0	10.3998355865	10.4		0.0	0.358400000108
21.1	10.3998355865	10.4		0.0	0.358400000048
21.2	10.3998355865	10.4		0.0	0.358400000022
21.3	10.3998355865	10.4		0.0	0.35840000001
21.4	10.3998355865	10.4		0.0	0.358400000004
21.5	10.3998355865	10.4		0.0	0.358400000002
21.6	10.3998355865	10.4		0.0	0.358400000001
21.7	10.3998355865	10.4		0.0	0.3584
21.8	10.3998355865	10.4		0.0	0.3584
21.9	10.3998355865	10.4		0.0	0.3584
22.0	10.3998355865	10.4		0.0	0.3584
22.1	10.3998355865	10.4		0.0	0.3584
22.2	10.3998355865	10.4		0.0	0.3584
22.3	10.3998355865	10.4		0.0	0.3584
22.4	10.3998355865	10.4		0.0	0.3584
22.5	10.3998355865	10.4		0.0	0.3584
22.6	10.3998355865	10.4		0.0	0.3584
22.7	10.3998355865	10.4		0.0	0.3584
22.8	10.3998355865	10.4		0.0	0.3584
22.9	10.3998355865	10.4		0.0	0.3584
23.0	10.3998355865	10.4		0.0	0.3584
23.1	10.3998355865	10.4		0.0	0.3584
23.2	10.3998355865	10.4		0.0	0.3584
23.3	10.3998355865	10.4		0.0	0.3584
23.4	10.3998355865	10.403		0.0	0.3584
23.5	10.3998355865	10.411		0.0	0.3584
23.6	10.3998355865	10.426		0.0	0.64513975
23.7	10.3998355865	10.445		0.0	0.9858896375
23.8	10.3971500397	10.47		-0.0265853628516	1.48176983688
23.9	10.3830080032	10.5		-0.141416430473	2.39498717659
24.0	10.3699407578	10.535		-0.129382103682	3.35029197947
24.1	10.3865880966	10.575		0.166477560997	3.65570589076
24.2	10.4096803665	10.62		0.228634148836	4.10305890084
24.3	10.4411859512	10.669		0.315054297447	4.57455800538
24.4	10.4769878387	10.723		0.358016252518	5.10069735242
24.5	10.5190544128	10.782		0.41242069006	5.65890480859
24.6	10.5707874298	10.845		0.515543341637	6.13352191387
24.7	10.6330823898	10.912		0.616780459881	6.51040011124
24.8	10.7041482925	10.984		0.703625977039	6.81937905006
24.9	10.7838068008	11.059		0.794796049595	7.07626257253
25.0	10.8729524612	11.139		0.882634043694	7.21356865764
25.1	10.9689006805	11.222		0.949983775616	7.33286989594
25.2	11.0729045868	11.309		1.04003703594	7.32908320317
25.3	11.1876487732	11.399		1.13608121872	7.14922044143
25.4	11.3099117279	11.493		1.2208353281	6.87407719864
25.5	11.4389762878	11.59		1.28885853291	6.50855698939
25.6	11.5716209412	11.691		1.31331694126	6.08577364523
25.7	11.7037286758	11.794		1.31928992271	5.74073739035
25.8	11.8342256546	11.901		1.30496931076	5.40910807566
25.9	11.9634695053	12.01		1.26709663868	5.11045913405
26.0	12.0871639252	12.122		1.23694610596	4.89436186032
26.1	12.2056674957	12.237		1.18324375153	4.78275208714
26.2	12.3170108795	12.355		1.08984375	4.85602743921
26.3	12.4224462509	12.475		1.05435788631	5.05919059765
26.4	12.5244808197	12.597		1.01855623722	5.30937426894
26.5	12.6252622604	12.721		0.988054692745	5.59343867102
26.6	12.7265806198	12.847		1.01139593124	6.04849840196
26.7	12.8289728165	12.976		1.01378846169	6.23161078088
26.8	12.9349460602	13.106		1.0579379797	6.6201716014
26.9	13.0412769318	13.238		1.06330823898	7.06793122063
27.0	13.1570949554	13.371		1.1449431181	7.34582904928
27.1	13.2759561539	13.506		1.1886138916	7.65511657218
27.2	13.4037675858	13.643		1.27632796764	7.84836920748
27.3	13.5348014832	13.78		1.29559338093	8.09468164337
27.4	13.6703109741	13.919		1.35330140591	8.28552523951
27.5	13.8181715012	14.059		1.47860705853	8.23725710778
27.6	13.9663906097	14.2		1.46573984623	8.2892116985
27.7	14.1224861145	14.341		1.56095099449	8.17640851433
27.8	14.2818031311	14.483		1.57562589645	7.98943408145
27.9	14.4463119507	14.626		1.64508461952	7.73759783665
28.0	14.6135053635	14.77		1.67193579674	7.40386177649
28.1	14.7851743698	14.913		1.6812723875	7.00293004942
28.2	14.9534416199	15.057		1.68088626862	6.62569327224
28.3	15.1195611954	15.201		1.65940535069	6.24539122251
28.4	15.2813844681	15.345		1.60043895245	5.95671480013
28.5	15.4392700195	15.489		1.57706153393	5.66134016006
28.6	15.5903530121	15.633		1.50903844833	5.47558032203
28.7	15.7376766205	15.776		1.45687782764	5.28600614491
28.8	15.8814201355	15.919		1.43564510345	5.14146276521
28.9	16.0163917542	16.061		1.33458530903	5.15559624434
29.0	16.1486778259	16.202		1.32107996941	5.13680755996
29.1	16.2730884552	16.343		1.24231624603	5.30529865198
29.2	16.3973197937	16.483		1.23001623154	5.43875964339
29.3	16.5176124573	16.622		1.20293450356	5.62953558953
29.4	16.6380844116	16.759		1.20293450356	5.83444876529
29.5	16.7603473663	16.896		1.19865238667	5.99092994438
29.6	16.8874435425	17.031		1.27095770836	5.78084647497
29.7	17.0163288116	17.164		1.28885853291	6.07731766374
29.8	17.1446781158	17.296		1.27078056335	6.07050994868
29.9	17.2748165131	17.426		1.30138897896	6.07286397691
30.0	17.403345108	17.555		1.28527832031	6.11686728961
30.1	17.5331268311	17.681		1.28495931625	6.10387503032
30.2	17.663444519	17.805		1.30138897896	6.03839476365
30.3	17.7955532074	17.927		1.30622768402	5.63201914364
30.4	17.9247970581	18.047		1.2906485796	5.76471261464
30.5	18.0563678741	18.164		1.31391978264	5.82442467659
30.6	18.1845378876	18.279		1.26723563671	5.30388285446
30.7	18.313243866	18.391		1.28527832031	5.07304903451
30.8	18.4371166229	18.501		1.23873639107	4.84238506553
30.9	18.5561561584	18.607		1.17861795425	4.65768402949
31.0	18.6635608673	18.711		1.07404875755	4.61245531327
31.1	18.7655963898	18.811		1.02034628391	4.60907539097
31.2	18.863155365	18.908		0.96416258812	4.58293367594
31.3	18.9583873749	19.002		0.950533092022	4.50664665417
31.4	19.0512924194	19.093		0.919853568077	4.40172224438
31.5	19.1427650452	19.18		0.914731502533	4.25053975997
31.6	19.2281513214	19.263		0.853868722916	4.19057339199
31.7	19.310136795	19.342		0.811739742756	4.09545727639
31.8	19.3906898499	19.417		0.797560930252	3.92508527438
31.9	19.4703483582	19.489		0.794796049595	3.71884337347
32.0	19.5462474823	19.556		0.74970728159	3.52659451806
32.1	19.6164188385	19.619		0.699921786785	3.36178178313
32.2	19.6839046478	19.678		0.674860596657	3.13595355241
32.3	19.7465572357	19.732		0.620325148106	2.93763809858
32.4	19.8041973114	19.781		0.574616074562	2.75531139436
32.5	19.8541412354	19.826		0.499432682991	2.61108687746
32.6	19.9012203217	19.866		0.459805160761	2.42164659486
32.7	19.944360733	19.901		0.431409567595	2.20085921769
32.8	19.9644088745	19.931		0.198504030704	2.44901139796
32.9	20.0098762512	19.955		0.454680621624	1.80301912908
33.0	20.0284938812	19.975		0.186168447137	1.85189810809
33.1	20.0465736389	19.989		0.179008126259	1.70483739864
33.2	20.0685920715	19.997		0.220179989934	1.32388682939
33.3	20.0727100372	20.0		0.0411718674004	1.29841807322
33.4	20.0737838745	20.0		0.0106341466308	1.17533463295
33.5	20.0777225494	20.0		0.0393817871809	0.889447584828
33.6	20.0821971893	20.0		0.0447520315647	0.630558413173
33.7	20.0848827362	20.0		0.0265853628516	0.404957535928
33.8	20.0872097015	20.0		0.0232710558921	0.199176391168
33.9	20.0893573761	20.0		0.0212682932615	0.199176391168
34.0	20.0902519226	20.0		0.00895040575415	0.199176391168
34.1	20.0902519226	20.0		0.0	-0.398475890105
34.2	20.0907897949	20.0		0.00531707331538	-0.617573400547
34.3	20.0974140167	20.0		0.0662330091	-0.967151530246
34.4	20.0642967224	20.0		-0.331165015697	-0.278558938611
34.5	20.0485439301	20.0		-0.154438376427	-0.235062772375
34.6	20.0297489166	20.0		-0.187958538532	-0.0435484975686
34.7	20.0114898682	20.0		-0.180798202753	0.167856926094
34.8	19.9960956573	20.0		-0.152422755957	0.203083366742
34.9	19.986787796	20.0		-0.0930842235684	0.364965765034
35.0	19.9742565155	20.0		-0.125305682421	0.564796844265
35.1	19.9672756195	20.0		-0.0691219493747	0.64131732992
35.2	19.9665603638	20.0		-0.00716032506898	0.593688798464
35.3	19.9665603638	20.0		0.0	0.612911959309
35.4	19.9665603638	20.0		0.0	0.662218381689
35.5	19.9665603638	20.0		0.0	0.72506227176
35.6	19.9626216888	20.0		-0.0389918722212	0.898267022292
35.7	19.9538497925	20.0		-0.0877139791846	1.18627341003
35.8	19.9427509308	20.0		-0.110985040665	1.50150678451
35.9	19.930398941	20.0		-0.122292682528	1.50150678451
36.0	19.944360733	20.0		0.139626339078	1.85961630303
36.1	19.9590396881	20.0		0.146786674857	1.51415783636
36.2	19.9590396881	20.0		0.146786674857	1.28212227636
36.3	19.9776573181	20.0		0.184325188398	0.995909274364
36.4	19.9837436676	20.0		0.0608627647161	1.07090767346
36.5	19.9875030518	20.0		0.0358016230166	1.12528745306
36.6	19.992515564	20.0		0.0496260076761	0.921860353876
36.7	19.9964542389	20.0		0.0393817871809	1.04069315924
36.8	19.9991397858	20.0		0.0265853628516	1.09416792166
36.9	20.0018253326	20.0		0.0268512200564	1.11823156475
37.0	20.005405426	20.0		0.0358016230166	1.12906020414
37.1	20.011133194	20.0		0.0561594106257	0.847193341861
37.2	20.0154285431	20.0		0.0429619476199	0.795376003838
37.3	20.0224094391	20.0		0.0691219493747	0.641232451727
37.4	20.0261688232	20.0		0.0372195132077	0.563213603277
37.5	20.0304641724	20.0		0.0429619476199	0.461929121475
37.6	20.0329704285	20.0		0.0250611398369	0.371314354664
37.7	20.0361919403	20.0		0.0319024398923	0.264273709599
37.8	20.036907196	20.0		0.00716032506898	0.19827991932
37.9	20.0374450684	20.0		0.00531707331538	0.140529963694
38.0	20.039056778	20.0		0.0161107294261	0.0168239836622
38.1	20.0408477783	20.0		0.0179008115083	0.0168239836622
38.2	20.0408477783	20.0		0.0	-0.173767668308
38.3	20.0408477783	20.0		0.0	-0.255691450739
38.4	20.0462188721	20.0		0.0537024401128	-0.473405402832
38.5	20.0531997681	20.0		0.0691219493747	-0.722863181275
38.6	20.0277805328	20.0		-0.254191547632	-0.126015181573
38.7	20.0014667511	20.0		-0.263141959906	0.399672168292
38.8	19.9934120178	20.0		-0.0797560960054	0.145356475731
38.9	19.9928741455	20.0		-0.00537024345249	0.0309144140792
39.0	19.9928741455	20.0		0.0	0.0309144140792
39.1	19.9866085052	20.0		-0.0602601617575	0.295115218851
39.2	19.9737205505	20.0		-0.128885835409	0.564164098483
39.3	19.9737205505	20.0		0.0	0.489361844317
39.4	19.9737205505	20.0		0.0	0.487732829943
39.5	19.9737205505	20.0		0.0	0.519031773474
39.6	19.9737205505	20.0		0.0	0.565148298064
39.7	19.9737205505	20.0		0.0	0.617932734129
39.8	19.9737205505	20.0		0.0	0.673717730358
39.9	19.9737205505	20.0		0.0	0.730852978661
40.0	19.9721088409	20.0		-0.0161107294261	0.840730340398
40.1	19.9629802704	20.0		-0.0912941396236	1.12421390318
40.2	19.9536724091	20.0		-0.0921625941992	1.37418950643
40.3	19.9413204193	20.0		-0.123515605927	1.72444352789
40.4	19.9549255371	20.0		0.136046171188	1.36189808755
40.5	19.9656658173	20.0		0.106341451406	1.2128903894
40.6	19.9817771912	20.0		0.161107316613	0.963492675229
40.7	19.9910850525	20.0		0.0921625941992	0.684729203853
40.8	19.9944858551	20.0		0.0340115427971	0.874848141734
40.9	20.0068378448	20.0		0.122292682528	0.96040166378
41.0	20.009344101	20.0		0.0248130038381	0.998900748701
41.1	20.0131034851	20.0		0.0375917032361	0.677351086916
41.2	20.0156097412	20.0		0.0250611398369	0.666342239112
41.3	20.0202636719	20.0		0.0460812970996	0.5900010076
41.4	20.0254554749	20.0		0.051912356168	0.47079620342
41.5	20.0320796967	20.0		0.0662330091	0.291539541539
41.6	20.0387039185	20.0		0.065577223897	0.111698043693
41.7	20.046043396	20.0		0.0733933374286	0.111698043693
41.8	20.0515918732	20.0		0.0554925203323	-0.0770306303382
41.9	20.0515918732	20.0		0.0	-0.290069877643
42.0	20.0415668488	20.0		-0.100244559348	-0.11045094494
42.1	20.0208015442	20.0		-0.20559348166	0.290733324777
42.2	20.0156097412	20.0		-0.051912356168	0.20757424615
42.3	20.0156097412	20.0		0.0	0.0627844107675
42.4	20.0156097412	20.0		0.0	0.0627844107675
42.5	20.0147151947	20.0		-0.00895040575415	0.0627844107675
42.6	20.0079135895	20.0		-0.0680230855942	0.286753601931
42.7	20.0020065308	20.0		-0.05791439116	0.177087120869
42.8	20.00182724	20.0		-0.00179008126725	0.127737204391
42.9	20.00182724	20.0		0.0	0.105529741976
43.0	20.00182724	20.0		0.0	0.0955363838893
43.1	20.00182724	20.0		0.0	0.0910393727502
43.2	20.00182724	20.0		0.0	0.0890157177377
43.3	20.00182724	20.0		0.0	0.088105072982
43.4	20.00182724	19.999		0.0	0.087695282842
43.5	20.00182724	19.997		0.0	0.0875108772789
43.6	20.00182724	19.994		0.0	0.0874278947756
43.7	20.00182724	19.989		0.0	0.0873905526491
43.8	20.00182724	19.983		0.0	0.0873905526491
43.9	20.0011119843	19.976		-0.00708943046629	0.0873905526491
44.0	19.994310379	19.968		-0.0680230855942	-0.256910451515
44.1	19.9758720398	19.958		-0.182552844286	0.179008796818
44.2	19.9647731781	19.947		-0.110985040665	0.0596099585683
44.3	19.9647731781	19.935		0.0	0.0596099585683
44.4	19.9645938873	19.921		-0.00177235761657	0.0596099585683
44.5	19.9631614685	19.906		-0.014320650138	-0.908134253775
44.6	19.9579696655	19.89		-0.051912356168	-1.1769169142
44.7	19.9459762573	19.873		-0.118747971952	-1.29088961139
44.8	19.9125022888	19.855		-0.332955121994	-0.923968325125
44.9	19.8904838562	19.835		-0.217999994755	-0.958297496306
45.0	19.8625583649	19.814		-0.279252678156	-0.922051123338
45.1	19.8401832581	19.792		-0.223760157824	-1.0108205055
45.2	19.8156585693	19.769		-0.24104064703	-1.06572672748
45.3	19.7900600433	19.745		-0.255981624126	-1.07686327736
45.4	19.7494258881	19.72		-0.406348437071	-0.612928224814
45.5	19.7148780823	19.693		-0.340292692184	-0.772313701166
45.6	19.6910705566	19.665		-0.238080814481	-0.844037165525
45.7	19.6534786224	19.636		-0.37412700057	-0.563505724486
45.8	19.6348609924	19.606		-0.182552844286	-0.945664576019
45.9	19.5888557434	19.575		-0.458260804415	-0.464117809208
46.0	19.5655841827	19.543		-0.230406492949	-0.967652264144
46.1	19.5432090759	19.51		-0.223760157824	-0.896211518865
46.2	19.5023956299	19.475		-0.408138513565	-0.864063183489
46.3	19.4732170105	19.44		-0.288894325495	-0.84959643257
46.4	19.4454708099	19.403		-0.277462601662	-0.843086394656
46.5	19.4186191559	19.366		-0.268512189388	-1.2572328776
46.6	19.3919467926	19.327		-0.26149225235	-1.44348329492
46.7	19.3566818237	19.287		-0.352646023035	-1.48828448271
46.8	19.319984436	19.247		-0.366966664791	-1.55348176722
46.9	19.2834663391	19.205		-0.361560970545	-1.64908454525
47.0	19.2455158234	19.162		-0.379497230053	-1.81420029536
47.1	19.2004051208	19.118		-0.451100468636	-1.77315638291
47.2	19.1518936157	19.074		-0.473845034838	-1.74982737231
47.3	19.0978336334	19.028		-0.540604531765	-1.59066981754
47.4	19.0410881042	18.981		-0.560065031052	-1.43718966789
47.5	18.9834480286	18.933		-0.576406180859	-1.23810910055
47.6	18.9265232086	18.885		-0.569245815277	-1.37642909525
47.7	18.8699569702	18.835		-0.558292686939	-1.04766434286
47.8	18.817150116	18.785		-0.528073966503	-1.06600720429
47.9	18.7661323547	18.733		-0.510173141956	-1.07861199193
48.0	18.7203063965	18.681		-0.45195120573	-1.23481089637
48.1	18.6735858917	18.627		-0.465421140194	-1.52277115337
48.2	18.6247158051	18.573		-0.488692164421	-1.42444701901
48.3	18.5783519745	18.518		-0.45904058218	-1.38020115856
48.4	18.5318107605	18.462		-0.465421140194	-1.72523202135
48.5	18.4784660339	18.405		-0.5229845047	-1.70444090961
48.6	18.4256591797	18.347		-0.528073966503	-1.81007065932
48.7	18.3753585815	18.289		-0.503012835979	-1.9782905467
48.8	18.3221931458	18.229		-0.524617791176	-2.09610299601
48.9	18.265089035	18.169		-0.571035921574	-2.18032009821
49.0	18.2076282501	18.108		-0.572825968266	-2.28817779419
49.1	18.1417541504	18.046		-0.652227699757	-2.20183175739
49.2	18.0719413757	17.983		-0.698131680489	-2.08398229082
49.3	18.0057086945	17.92		-0.660539984703	-2.12503028087
49.4	17.9369697571	17.855		-0.680585384369	-2.06802812639
49.5	17.8673362732	17.79		-0.689447164536	-2.03817240688
49.6	17.7960910797	17.724		-0.712452352047	-1.81437058309
49.7	17.725025177	17.657		-0.696727752686	-1.92403476239
49.8	17.653421402	17.59		-0.716032505035	-1.97338364308
49.9	17.5793113708	17.521		-0.733756065369	-1.70885088938
50.0	17.5077075958	17.452		-0.714242398739	-1.71696840022
50.1	17.4377155304	17.383		-0.698131680489	-1.7136005301
50.2	17.3671855927	17.312		-0.698308944702	-1.66023373855
50.3	17.2936134338	17.241		-0.728438913822	-1.59943468235
50.4	17.2203998566	17.169		-0.730353116989	-1.50675985706
50.5	17.1498699188	17.096		-0.698308944702	-1.54391243567
50.6	17.0798778534	17.023		-0.698131680489	-1.58036234605
50.7	17.0088119507	16.949		-0.710662305355	-1.57659355572
50.8	16.9397144318	16.874		-0.682357609272	-1.88752860008
50.9	16.8700809479	16.799		-0.696341633797	-1.78201187003
51.0	16.7993736267	16.723		-0.698308944702	-1.73452934152
51.1	16.7295608521	16.646		-0.696341633797	-1.71316220368
51.2	16.6586742401	16.569		-0.708872139454	-2.04242124166
51.3	16.5881443024	16.491		-0.691462695599	-2.13510105875
51.4	16.5143928528	16.413		-0.737513482571	-2.13510105875
51.5	16.442609787	16.334		-0.717822551727	-2.19929647644
51.6	16.3656368256	16.254		-0.754642128944	-2.3688661644
51.7	16.3656368256	16.173		-0.754642128944	-2.41154827398
51.8	16.2847251892	16.092		-0.807326674461	-4.52049672329
51.9	16.1923561096	16.011		-0.923681914806	-3.89220052548
52.0	16.0940799713	15.929		-0.97125184536	-3.49989898647
52.1	15.9856014252	15.846		-1.08478927612	-3.04590204391
52.2	15.8751535416	15.763		-1.10448014736	-2.63775691976
52.3	15.7621994019	15.679		-1.11835753918	-2.22474436389
52.4	15.6501407623	15.595		-1.12059092522	-1.79134471375
52.5	15.5491800308	15.51		-0.997837424278	-1.62584987119
52.6	15.4466085434	15.425		-1.02392649651	-1.34959319203
52.7	15.3562097549	15.339		-0.903991103172	-1.28928943642
52.8	15.2649154663	15.253		-0.903902411461	-1.15199599639
52.9	15.1707572937	15.166		-0.939792692661	-0.878164198374
53.0	15.0814323425	15.079		-0.893250524998	-0.715964139268
53.1	14.9962244034	14.991		-0.843642294407	-0.642982362671
53.2	14.9149551392	14.903		-0.81090682745	-0.655292813202
53.3	14.8365497589	14.814		-0.784055531025	-0.705154265941
53.4	14.7588605881	14.725		-0.761662006378	-0.757707169673
53.5	14.6845722198	14.635		-0.741093635559	-0.911760976353
53.6	14.6131477356	14.545		-0.714242398739	-1.13804693936
53.7	14.5404701233	14.455		-0.71957719326	-1.47068862271
53.8	14.4737005234	14.364		-0.667700350285	-1.72996763022
53.9	14.4040660858	14.273		-0.689447164536	-2.0843696836
54.0	14.3358640671	14.182		-0.680230855942	-2.52452110762
54.1	14.2621126175	14.09		-0.735723376274	-2.84012974843
54.2	14.1846017838	13.997		-0.767430841923	-3.17369113679
54.3	14.1010046005	13.904		-0.835967898369	-3.41247026156
54.4	14.0098896027	13.811		-0.91115128994	-3.5424021177
54.5	13.9123306274	13.718		-0.96416258812	-3.56606470297
54.6	13.8074321747	13.624		-1.04898750782	-3.47599411633
54.7	13.6975212097	13.53		-1.08645522594	-3.36447660235
54.8	13.5831346512	13.436		-1.13253641129	-3.12101822106
54.9	13.4648103714	13.341		-1.18324375153	-2.81930019948
55.0	13.3475599289	13.246		-1.15912187099	-2.38405483976
55.1	13.2256555557	13.151		-1.21725523472	-2.17525567789
55.2	13.1105537415	13.055		-1.15102231503	-1.88593605505
55.3	12.9929456711	12.959		-1.16266667843	-1.48360772477
55.4	12.8855409622	12.863		-1.06341457367	-1.32512372615
55.5	12.7716913223	12.767		-1.13849163055	-0.887503176767
55.6	12.6596326828	12.67		-1.10949587822	-0.476948429545
55.7	12.5543756485	12.573		-1.05256783962	-0.206269543295
55.8	12.4526987076	12.476		-1.01676619053	0.00493570551729
55.9	12.3612251282	12.379		-0.905674695969	0.0473568174828
56.0	12.2765541077	12.281		-0.846708416939	0.0473568174828
56.1	12.2001180649	12.183		-0.756796658039	-0.27763550696
56.2	12.1346006393	12.086		-0.655169725418	-0.775451228132
56.3	12.0726642609	11.987		-0.619368195534	-1.27415480266
56.4	12.0014190674	11.889		-0.705398321152	-1.5727774112
56.5	11.939661026	11.791		-0.615787923336	-2.21555008504
56.6	11.8793354034	11.692		-0.603257417679	-2.88346178827
56.7	11.812207222	11.593		-0.662861704826	-3.47793380472
56.8	11.7345180511	11.494		-0.775105178356	-3.90576571212
56.9	11.6466255188	11.395		-0.877139866352	-4.17428632046
57.0	11.5451278687	11.296		-0.993319630623	-4.21257109421
57.1	11.4332475662	11.197		-1.11701071262	-4.12831874239
57.2	11.3147439957	11.097		-1.18324375153	-3.99181768408
57.3	11.1876478195	10.998		-1.25660145283	-3.70504620783
57.4	11.058224678	10.898		-1.2924387455	-3.35337004353
57.5	10.9261169434	10.798		-1.30799973011	-2.97835251959
57.6	10.7900705338	10.699		-1.35867166519	-2.67520763381
57.7	10.6508026123	10.599		-1.37889432907	-1.77843943522
57.8	10.5224533081	10.499		-1.26900815964	-1.40130749585
57.9	10.403055191	10.399		-1.19219410419	-1.14986262313
58.0	10.2759590149	10.299		-1.25660145283	-0.547718430409
58.1	10.1511907578	10.199		-1.23356091976	0.053119956316
58.2	10.0393104553	10.099		-1.11880075932	0.380358980342
58.3	9.93333721161	9.999		-1.04746341705	0.670765041154
58.4	9.83882045746	9.899		-0.934032440186	0.744368768519
58.5	9.75092792511	9.799		-0.878929972649	0.766990945834
58.6	9.68773841858	9.699		-0.619508504868	0.205393675625
58.7	9.64244937897	9.599		-0.452890574932	0.205393675625
58.8	9.6053943634	9.499		-0.37054681778	0.205393675625
58.9	9.57639503479	9.4		-0.285349577665	-2.44396887756
59.0	9.52859973907	9.3		-0.477951705456	-3.5696269949
59.1	9.48778629303	9.2		-0.406348437071	-4.86144389771
59.2	9.4245967865	9.1		-0.625642240047	-5.60452200397
59.3	9.33795642853	9.001		-0.857821166515	-5.90632515179
59.4	9.23502635956	8.901		-1.0275067091	-6.0031773183
59.5	9.11992454529	8.802		-1.13962602615	-6.01416504324
59.6	8.99855709076	8.702		-1.19988620281	-5.97840676946
59.7	8.87235641479	8.603		-1.26021718979	-5.88689129626
59.8	8.73917388916	8.504		-1.30570626259	-5.64220658331
59.9	8.60097980499	8.405		-1.38015270233	-5.27909021249
60.0	8.461353302	8.307		-1.36713063717	-4.85015334562
60.1	8.3210105896	8.208		-1.40163362026	-4.35008050553
60.2	8.17816162109	8.109		-1.42848479748	-3.73164922749
60.3	8.03531265259	8.011		-1.39872038364	-3.04081115237
60.4	7.89049530029	7.913		-1.44638562202	-2.18498026857
60.5	7.7555232048	7.815		-1.34793114662	-1.53633212085
60.6	7.63308143616	7.717		-1.21052014828	-1.03046020438
60.7	7.50097322464	7.62		-1.32107996941	-0.130588591973
60.8	7.37817382812	7.522		-1.2262057066	0.622151633612
60.9	7.27041101456	7.425		-1.06518697739	1.06388873513
61.0	7.17589473724	7.328		-0.945162951946	1.31962018081
61.1	7.11789608002	7.232		-0.574243843555	0.777438331363
61.2	7.08907556534	7.135		-0.285349577665	0.777438331363
61.3	7.07475471497	7.039		-0.143206492066	0.777438331363
61.4	7.07475471497	6.943		0.0	-2.66785921393
61.5	7.04987239838	6.848		-0.248821288347	-3.93764739627
61.6	7.02982330322	6.753		-0.200489118695	-5.35120107832
61.7	6.99223136902	6.658		-0.372195124626	-6.38251373524
61.8	6.93101072311	6.563		-0.612207770348	-7.02805768086
61.9	6.85009908676	6.468		-0.807326674461	-7.42376745639
62.0	6.75629901886	6.374		-0.928715467453	-7.73605060537
62.1	6.64978933334	6.281		-1.06330823898	-7.90105577242
62.2	6.54131031036	6.187		-1.07227635384	-8.10863909759
62.3	6.42423915863	6.094		-1.15734958649	-8.20332484391
62.4	6.30734682083	6.001		-1.16713285446	-8.31552217976
62.5	6.18633747101	5.909		-1.19634139538	-8.31929398089
62.6	6.06192684174	5.817		-1.24231624603	-8.2056342914
62.7	5.93662118912	5.726		-1.25305688381	-8.04376418113
62.8	5.8091673851	5.634		-1.26014637947	-7.73280563151
62.9	5.68260860443	5.544		-1.26379728317	-7.45750003418
63.0	5.55354356766	5.453		-1.2906485796	-6.97342026538
63.1	5.42877483368	5.363		-1.23533332348	-6.56533661942
63.2	5.30454301834	5.274		-1.24052631855	-6.06190697874
63.3	5.18657684326	5.185		-1.17966353893	-5.60401989043
63.4	5.07004261017	5.096		-1.15380465984	-5.06930995069
63.5	4.95100212097	5.008		-1.1886138916	-4.39586797781
63.6	4.83178281784	4.92		-1.18039023876	-3.63203184002
63.7	4.70987844467	4.833		-1.21725523472	-2.72865582801
63.8	4.59423923492	4.746		-1.15460240841	-1.9035288726
63.9	4.48504447937	4.66		-1.07936573029	-1.17270049267
64.0	4.38587379456	4.574		-0.991705000401	-0.569088971702
64.1	4.31051158905	4.488		-0.753624260426	-0.474541787266
64.2	4.23121118546	4.404		-0.785154402256	-0.0715393042696
64.3	4.15817594528	4.319		-0.730353116989	0.244883563079
64.4	4.10232543945	4.236		-0.558505356312	0.127239353385
64.5	4.060795784	4.152		-0.407155781984	0.127239353385
64.6	4.02463626862	4.07		-0.361596405506	0.127239353385
64.7	4.0024394989	3.988		-0.221970081329	-1.08686827017
64.8	3.97558832169	3.906		-0.266722083092	-2.07311272158
64.9	3.95607638359	3.825		-0.195118874311	-3.13655822471
65.0	3.93387937546	3.745		-0.217617735267	-4.12773895112
65.1	3.89431858063	3.665		-0.395607978106	-4.716404528
65.2	3.83542490005	3.586		-0.58893674612	-5.0110342876
65.3	3.75988340378	3.508		-0.74616253376	-5.08917042942
65.4	3.66608309746	3.43		-0.936212480068	-4.85149869324
65.5	3.56655454636	3.352		-0.993495106697	-4.67229016196
65.6	3.45950770378	3.276		-1.05809748173	-4.67229016196
65.7	3.34905958176	3.199		-1.10448014736	-4.37263632288
65.8	3.2384326458	3.124		-1.10448014736	-3.9669005953
65.9	3.12762665749	3.05		-1.0953168869	-3.60156276788
66.0	3.12762665749	2.976		-1.0953168869	-3.06464849555
66.1	3.02022171021	2.902		-1.07404875755	-4.653714823
66.2	2.90995264053	2.83		-1.08999991417	-3.50466867035
66.3	2.8023686409	2.758		-1.07583892345	-3.02908990166
66.4	2.69353175163	2.687		-1.08836936951	-2.33303745575
66.5	2.5884540081	2.616		-1.04037392139	-1.65973710509
66.6	2.49393773079	2.547		-0.945162951946	-1.24883094729
66.7	2.4067606926	2.478		-0.863138079643	-0.84762742628
66.8	2.32960820198	2.409		-0.762113690376	-0.601630341826
66.9	2.26319622993	2.342		-0.664120137691	-0.500980153822
67.0	2.20430254936	2.275		-0.581333339214	-0.44929106922
67.1	2.14791488647	2.209		-0.558292686939	-0.402504731149
67.2	2.09797167778	2.144		-0.499432682991	-0.449219129017
67.3	2.05644178391	2.08		-0.41118696332	-0.652535358058
67.4	2.02780056	2.016		-0.283577233553	-1.17081391113
67.5	1.99826419353	1.953		-0.292438983917	-1.59513676001
67.6	1.96389460564	1.891		-0.340292692184	-1.923793792
67.7	1.93543231487	1.83		-0.284622907639	-2.4370544564
67.8	1.89640855789	1.77		-0.390237748623	-2.71717800538
67.9	1.84682333469	1.71		-0.490943044424	-2.82559785242
68.0	1.78882467747	1.652		-0.579986393452	-2.82854153359
68.1	1.72581386566	1.594		-0.630108594894	-2.76179544012
68.2	1.65671670437	1.537		-0.682357609272	-2.62384419805
68.3	1.58654546738	1.481		-0.701711833477	-2.49335163912
68.4	1.51816439629	1.426		-0.683811068535	-2.38526198761
68.5	1.44584512711	1.372		-0.709012627602	-2.16696864442
68.6	1.37674796581	1.318		-0.690971314907	-1.87006288999
68.7	1.31033599377	1.266		-0.657544672489	-2.0870803005
68.8	1.24732518196	1.215		-0.628318548203	-1.68946038522
68.9	1.18592536449	1.164		-0.613997876644	-1.55954467335
69.0	1.12577867508	1.115		-0.595512211323	-1.40606185301
69.1	1.0708231926	1.066		-0.547764837742	-1.29155633385
69.2	1.01765775681	1.018		-0.531654119492	-1.18673935023
69.3	0.968251526356	0.971		-0.489170730114	-1.09842620761
69.4	0.92385751009	0.926		-0.443940162659	-1.11034954342
69.5	0.884117722511	0.881		-0.397398024797	-1.13555354454
69.6	0.854581356049	0.837		-0.292438983917	-1.42457109504
69.7	0.814662575722	0.795		-0.397398024797	-1.34636599277
69.8	0.785126209259	0.753		-0.292438983917	-1.52675169675
69.9	0.753799796104	0.712		-0.310162574053	-1.64590276354
70.0	0.719967246056	0.672		-0.338325351477	-1.52420824359
70.1	0.682554543018	0.634		-0.370422780514	-1.75618545962
70.2	0.641740679741	0.596		-0.408138513565	-1.39454370683
70.3	0.603611946106	0.56		-0.381287306547	-1.42464866807
70.4	0.568168342113	0.524		-0.350926786661	-1.43819590063
70.5	0.53326177597	0.49		-0.349065840244	-1.44429215528
70.6	0.499250233173	0.457		-0.340115427971	-1.44703546988
70.7	0.464522659779	0.424		-0.343837380409	-1.44826996145
70.8	0.429079055786	0.393		-0.354436069727	-1.44882548265
70.9	0.39453047514	0.363		-0.345485657454	-1.44907546719
71.0	0.36123496294	0.334		-0.329658508301	-1.44918796024
71.1	0.32776042819	0.307		-0.334745168686	-1.44923858211
71.2	0.293927907944	0.28		-0.334975600243	-1.11038711195
71.3	0.264033555984	0.255		-0.298943579197	-1.09159245038
71.4	0.230738043785	0.23		-0.331165015697	-0.907478602669
71.5	0.200485661626	0.207		-0.299528449774	-0.778905871201
71.6	0.173097416759	0.185		-0.273882418871	-0.68500664204
71.7	0.150184378028	0.164		-0.227340310812	-0.644921738918
71.8	0.126734316349	0.145		-0.22990258038	-0.549160282513
71.9	0.110444575548	0.126		-0.162897393107	-0.547680627131
72.0	0.0945128500462	0.109		-0.159317225218	-0.573101282209
72.1	0.0882475674152	0.093		-0.0620325133204	-0.736896076994
72.2	0.075358979404	0.079		-0.128885835409	-0.687620984647
72.3	0.0553100705147	0.065		-0.200489118695	-0.434273943091
72.4	0.0338290929794	0.053		-0.210597798228	-0.213416524391
72.5	0.00966299511492	0.042		-0.241660967469	0.114249564024
72.6	0.00536679942161	0.032		-0.0425365865231	0.114249564024
72.7	0.00411374261603	0.024		-0.012406501919	0.114249564024
72.8	0.00214465311728	0.016		-0.0196908935905	-0.209781659728
72.9	-0.00161451776512	0.011		-0.0372195132077	-0.227710746878
73.0	-0.0150401266292	0.006		-0.134256094694	0.0650601639051
73.1	-0.0157561600208	0.003		-0.00716032506898	0.0650601639051
73.2	-0.0157561600208	0.001		0.0	0.0650601639051
73.3	-0.0164721924812	0.001		-0.00716032506898	-0.00776809756405
