%1-Time(seg)	2-Pos_Encoder	3-x_ref	4-Velo_Encoder(m/s)	5-Torque(N.m)
3.44	0.0	0.0		0.0	0.0
3.44	0.0	0.0		0.0	0.0
3.54	0.0	0.003		0.0	0.0
3.64	0.0	0.011		0.0	0.0
3.74	0.0	0.026		0.0	0.0
3.84	0.0	0.045		0.0	0.0
3.94	0.0	0.07		0.0	0.0
4.04	0.0	0.1		0.0	1.8247075
4.14	0.00769734941423	0.135		0.0762113779783	2.078357875
4.24	0.0230920482427	0.175		0.15215690434	2.44150204375
4.34	0.0477951690555	0.221		0.247031211853	2.78328466969
4.44	0.084312826395	0.27		0.365176558495	3.09125460136
4.54	0.135151132941	0.325		0.508383095264	3.17117807061
4.64	0.193686798215	0.384		0.579560935497	3.30425713178
4.74	0.261888891459	0.447		0.682020962238	3.3610544593
4.84	0.335640251637	0.515		0.735723376274	3.40795875668
4.94	0.41350877285	0.587		0.770975470543	3.49798894051
5.04	0.49638953805	0.663		0.8270175457	3.57757452323
5.14	0.586609601974	0.743		0.902200937271	3.50980378545
5.24	0.677724719048	0.827		0.902130007744	3.54916795345
5.34	0.76937687397	0.915		0.916521608829	3.65733482905
5.44	0.863714158535	1.007		0.943372786045	3.71771392307
5.54	0.961273610592	1.102		0.956464886665	3.80009901538
5.64	1.06116008759	1.2		0.998865365982	3.85116430692
5.74	1.16104662418	1.302		0.987203240395	3.96017743812
5.84	1.26433432102	1.407		1.03287696838	4.06627659715
5.94	1.37191820145	1.515		1.07583892345	4.10016671872
6.04	1.48021817207	1.626		1.07050406933	4.21113102342
6.14	1.59478342533	1.74		1.14565193653	4.19991596054
6.24	1.70970666409	1.857		1.14744210243	4.27711893224
6.34	1.82785201073	1.976		1.16798377037	4.34028426951
6.44	1.94814550877	2.098		1.20293450356	4.39590067128
6.54	2.07148218155	2.222		1.23157584667	4.44688805208
6.64	2.19517683983	2.349		1.22469902039	4.52062762343
6.74	2.32245159149	2.478		1.27095770836	4.58707443055
6.84	2.4516954422	2.609		1.27786970139	4.62417224375
6.94	2.58505654335	2.742		1.33182048798	4.63829500969
7.04	2.71895456314	2.877		1.33719074726	4.68321350436
7.14	2.85303163528	3.014		1.32572340965	4.77536132696
7.24	2.98818278313	3.152		1.35151135921	4.88099909713
7.34	3.12619805336	3.292		1.38015270233	4.92550559371
7.44	3.2645714283	3.433		1.36826014519	5.00363276717
7.54	3.40616679192	3.576		1.41595435143	5.05452274523
7.64	3.55152130127	3.72		1.45175588131	5.03248548535
7.74	3.69830799103	3.865		1.45156085491	5.05259596841
7.84	3.84491562843	4.011		1.46428644657	5.07167768578
7.94	3.99725151062	4.158		1.5215690136	4.9835634586
8.04	4.14994525909	4.305		1.49699914455	4.70140605637
8.14	4.30174398422	4.454		1.51619875431	4.81987272537
8.24	4.45515394211	4.602		1.51713824272	4.87318272642
8.34	4.60802698135	4.752		1.51359331608	4.89717222689
8.44	4.75803565979	4.901		1.50008809566	4.9079675021
8.54	4.90625429153	5.051		1.46573984623	4.91282537594
8.64	5.053399086	5.201		1.46965670586	4.91501141918
8.74	5.19714260101	5.351		1.43743526936	4.91599513863
8.84	5.34016990662	5.501		1.41434144974	5.20317756238
8.94	5.48516654968	5.651		1.44817578793	5.28345415307
9.04	5.62962627411	5.8		1.44459557533	5.38197061888
9.14	5.76996850967	5.949		1.38775599003	5.5991240285
9.24	5.91299581528	6.097		1.42848479748	5.73242531282
9.34	6.06067752838	6.245		1.4621950388	5.73157539077
9.44	6.20728540421	6.392		1.45156085491	5.82767942585
9.54	6.35335588455	6.539		1.4589163065	5.90874699163
9.64	6.50443887711	6.683		1.49409759045	5.87147514623
9.74	6.65749073029	6.827		1.52872955799	5.73334256581
9.84	6.80714130402	6.969		1.49471783638	5.70459265461
9.94	6.95643424988	7.111		1.4763739109	5.63901194458
10.04	7.10608482361	7.25		1.49650800228	5.40936112506
10.14	7.25161838531	7.389		1.45354604721	5.53392450628
10.24	7.39589881897	7.525		1.42852020264	5.58997802782
10.34	7.53785228729	7.66		1.41953444481	5.27632786252
10.44	7.67407751083	7.793		1.33378601074	5.32100828813
10.54	7.80564832687	7.924		1.31391978264	5.36746497966
10.64	7.93399715424	8.053		1.28169822693	5.69369749085
10.74	8.06682109833	8.18		1.30044138432	5.24765437088
10.84	8.19785499573	8.304		1.30854940414	5.1708554669
10.94	8.32835197449	8.426		1.30496931076	5.0278414601
11.04	8.45831203461	8.545		1.27411663532	4.83056665705
11.14	8.58630275726	8.662		1.27811801434	4.60801374567
11.24	8.70749092102	8.776		1.21188497543	4.51086518555
11.34	8.82295131683	8.887		1.13196313381	4.4296988335
11.44	8.93393611908	8.995		1.10806024075	4.37033247507
11.54	9.04492092133	9.1		1.10985040665	4.20751186378
11.64	9.15107250214	9.202		1.03894913197	4.0991690887
11.74	9.25131702423	9.3		1.00244545937	4.05724858992
11.84	9.34905529022	9.395		0.967707276344	3.94295386546
11.94	9.43945407867	9.486		0.893268287182	3.96148948946
12.04	9.52967453003	9.574		0.900410830975	3.82796627026
12.14	9.61327171326	9.658		0.827690958977	3.84400907162
12.24	9.69221401215	9.738		0.789425849915	3.84586033223
12.34	9.77223110199	9.814		0.798376202583	3.7171491495
12.44	9.84705638885	9.886		0.740845561028	3.64340836728
12.54	9.91955471039	9.954		0.723192811012	3.52597051527
12.64	9.99079990387	10.017		0.712452352047	3.37056498187
12.74	10.0575695038	10.076		0.652853131294	3.20337324184
12.84	10.1189689636	10.13		0.613997876644	3.09561545883
12.94	10.1775045395	10.18		0.57778865099	2.89887470647
13.04	10.2313861847	10.225		0.538814425468	2.76065986791
13.14	10.2824039459	10.265		0.510173141956	2.53182144056
13.24	10.3294830322	10.3		0.466130077839	2.28133689825
13.34	10.3711919785	10.33		0.415298849344	2.28133689825
13.44	10.3935680389	10.355		0.223760157824	2.03001885421
13.54	10.3935680389	10.375		0.223760157824	2.1346432344
13.64	10.4213142395	10.389		0.274715423584	2.44936795548
13.74	10.4481658936	10.397		0.268512189388	1.87988532997
13.84	10.4655294418	10.4		0.173637896776	1.51816389848
13.94	10.4741220474	10.4		0.0850731730461	1.31535750432
14.04	10.4787759781	10.4		0.0465421117842	1.09024662694
14.14	10.4846830368	10.4		0.0590726844966	0.822871482124
14.24	10.4888000488	10.4		0.040364574641	0.598751166956
14.34	10.489695549	10.4		0.00895040575415	0.43230677513
14.44	10.4914855957	10.4		0.0177235770971	0.237990798809
14.54	10.4948863983	10.4		0.0319024398923	0.237990798809
14.64	10.4979295731	10.4		0.0304313823581	-0.302249263241
14.74	10.4981088638	10.4		0.00177235761657	-0.484668168459
14.84	10.5065221786	10.4		0.0841338261962	-0.922097925806
14.94	10.4755535126	10.4		-0.309684097767	-0.284899316613
15.04	10.4562206268	10.4		-0.191414624453	-0.113915692476
15.14	10.4426164627	10.4		-0.134699165821	-0.117715811614
15.24	10.4313392639	10.4		-0.112775117159	-0.0875011152263
15.34	10.4166603088	10.4		-0.145333334804	0.0424699981482
15.44	10.4157648087	10.4		-0.00895040575415	0.0424699981482
15.54	10.4157648087	10.4		0.0	-0.258422762875
15.64	10.4148693085	10.4		-0.00886178854853	-0.305646993294
15.74	10.4071722031	10.4		-0.076973490417	0.0280996030178
15.84	10.4016227722	10.4		-0.0549430847168	0.0280996030178
15.94	10.4012651443	10.4		-0.00358016253449	-0.135435430389
16.04	10.3930311203	10.4		-0.0823437348008	-0.158273943675
16.14	10.3788890839	10.4		-0.140016257763	0.378860975346
16.24	10.3660001755	10.4		-0.128885835409	0.617161688906
16.34	10.3660001755	10.4		0.0	0.538378760008
16.44	10.3660001755	10.4		0.0	0.544814442003
16.54	10.3660001755	10.4		0.0	0.589598498902
16.64	10.3660001755	10.4		0.0	0.651639324506
16.74	10.3660001755	10.4		0.0	0.721445696028
16.84	10.3652839661	10.4		-0.00716032506898	0.820813813212
16.94	10.3538274765	10.4		-0.114565201104	1.17785796595
17.04	10.3756666183	10.4		0.216227605939	0.628876584676
17.14	10.3799629211	10.4		0.0425365865231	0.692821463104
17.24	10.3822898865	10.4		0.0230406485498	0.764227158397
17.34	10.3856906891	10.4		0.0340115427971	0.749329221279
17.44	10.3908815384	10.4		0.051398370415	0.465056649575
17.54	10.3973255157	10.4		0.0638048797846	0.582571492309
17.64	10.3989362717	10.4		0.0161107294261	0.635453171539
17.74	10.3923130035	10.4		-0.0662330091	0.659249927193
17.84	10.3923130035	10.4		0.0	0.669958467237
17.94	10.3921337128	10.4		-0.00179008126725	0.674777310257
18.04	10.3921337128	10.4		0.0	0.676945789615
18.14	10.3921337128	10.4		0.0	0.677921605327
18.24	10.3921337128	10.4		0.0	0.678360722397
18.34	10.3921337128	10.4		0.0	0.678558325079
18.44	10.3921337128	10.4		0.0	0.678647246285
18.54	10.3921337128	10.4		0.0	0.678687260828
18.64	10.391954422	10.4		-0.00177235761657	0.678705267373
18.74	10.391954422	10.4		0.0	0.678713370318
18.84	10.391954422	10.4		0.0	0.678717016643
18.94	10.391954422	10.4		0.0	0.678718657489
19.04	10.391954422	10.4		0.0	0.67871939587
19.14	10.391954422	10.4		0.0	0.678719728142
19.24	10.391954422	10.4		0.0	0.678719877664
19.34	10.391954422	10.4		0.0	0.678719944949
19.44	10.391954422	10.4		0.0	0.678719975227
19.54	10.391954422	10.4		0.0	0.678719988852
19.64	10.391954422	10.4		0.0	0.678719994983
19.74	10.391954422	10.4		0.0	0.678719997743
19.84	10.3917751312	10.4		-0.00177235761657	0.678719998984
19.94	10.3917751312	10.4		0.0	0.678719999543
20.04	10.3915958405	10.4		-0.00177235761657	0.678719999794
20.14	10.3915958405	10.4		0.0	0.678719999907
20.24	10.3914165497	10.4		-0.00179008126725	0.678719999958
20.34	10.3914165497	10.4		0.0	0.678719999981
20.44	10.3914165497	10.4		0.0	0.678719999992
20.54	10.3912372589	10.4		-0.00179008126725	0.678719999996
20.64	10.3910579681	10.4		-0.00177235761657	0.678719999998
20.74	10.3910579681	10.4		0.0	0.678719999999
20.84	10.3910579681	10.4		0.0	0.67872
20.94	10.3910579681	10.4		0.0	0.67872
21.04	10.3910579681	10.4		0.0	0.67872
21.14	10.3910579681	10.4		0.0	0.67872
21.24	10.3910579681	10.4		0.0	0.67872
21.34	10.3910579681	10.4		0.0	0.67872
21.44	10.3910579681	10.4		0.0	0.67872
21.54	10.3910579681	10.4		0.0	0.67872
21.64	10.3910579681	10.4		0.0	0.67872
21.74	10.3910579681	10.4		0.0	0.67872
21.84	10.3910579681	10.4		0.0	0.67872
21.94	10.3910579681	10.4		0.0	0.67872
22.04	10.3910579681	10.4		0.0	0.67872
22.14	10.3910579681	10.4		0.0	0.67872
22.24	10.3910579681	10.4		0.0	0.67872
22.34	10.3910579681	10.4		0.0	0.67872
22.44	10.3910579681	10.4		0.0	0.67872
22.54	10.3910579681	10.4		0.0	0.67872
22.64	10.3910579681	10.4		0.0	0.67872
22.74	10.3910579681	10.4		0.0	0.67872
22.84	10.3910579681	10.4		0.0	0.67872
22.94	10.3910579681	10.4		0.0	0.67872
23.04	10.3910579681	10.4		0.0	0.67872
23.14	10.3910579681	10.4		0.0	0.67872
23.24	10.3910579681	10.4		0.0	0.67872
23.34	10.3910579681	10.4		0.0	0.67872
23.44	10.3910579681	10.4		0.0	0.67872
23.54	10.3910579681	10.403		0.0	0.67872
23.64	10.3910579681	10.411		0.0	0.991527
23.74	10.3878355026	10.426		-0.0319024398923	1.2234389
23.84	10.3992919922	10.445		0.114565201104	1.267560505
23.94	10.4096746445	10.47		0.103824712336	1.45909222725
24.04	10.415760994	10.5		0.0602601617575	1.94342925226
24.14	10.4229211807	10.535		0.0716032460332	2.49436191352
24.24	10.4325876236	10.575		0.0957073122263	3.08560811108
24.34	10.4512042999	10.62		0.186168447137	3.61253114999
24.44	10.4791297913	10.669		0.279252678156	4.05987026749
24.54	10.5165424347	10.723		0.370422780514	4.42359337037
24.64	10.5603990555	10.782		0.438569933176	4.86842876667
24.74	10.6099843979	10.845		0.494062423706	5.311182195
24.84	10.6692361832	10.912		0.586650371552	5.66881298775
24.94	10.7360057831	10.984		0.667700350285	5.97645384449
25.04	10.8117265701	11.059		0.755414247513	6.22745523002
25.14	10.8992614746	11.139		0.858186006546	6.30962785351
25.24	10.9930620193	11.222		0.936212480068	6.38915903408
25.34	11.0949172974	11.309		1.01855623722	6.35497981534
25.44	11.2016057968	11.399		1.05632507801	6.3078119169
25.54	11.317782402	11.493		1.16176259518	6.09128686261
25.64	11.439866066	11.59		1.20697557926	5.81957208817
25.74	11.5657091141	11.691		1.25663709641	5.49752118968
25.84	11.6881504059	11.794		1.2244155407	5.26495853535
25.94	11.8073701859	11.901		1.18039023876	5.24218109091
26.04	11.9233675003	12.01		1.158182621	5.20921624091
26.14	12.0381116867	12.123		1.14744210243	5.16865580841
26.24	12.1482019424	12.237		1.08999991417	5.29929686378
26.34	12.260260582	12.355		1.11880075932	5.3268260887
26.44	12.3667707443	12.475		1.06509840488	5.56255548992
26.54	12.479724884	12.597		1.11658537388	5.77381297046
26.64	12.5921421051	12.721		1.12238097191	5.65850383671
26.74	12.7045593262	12.847		1.11126828194	6.02369072652
26.84	12.8169765472	12.976		1.1241710186	6.29217832693
26.94	12.9363746643	13.106		1.19219410419	6.46519274712
27.04	13.0597114563	13.238		1.21938204765	6.5734202362
27.14	13.1843013763	13.371		1.23178863525	6.78214510629
27.24	13.3124713898	13.506		1.28169822693	6.93268554783
27.34	13.4436845779	13.643		1.29913818836	7.06366224652
27.44	13.5809841156	13.78		1.37120223045	7.14639201094
27.54	13.7206106186	13.919		1.39626336098	7.18180265492
27.64	13.8645334244	14.059		1.4232032299	7.19268294471
27.74	14.0129308701	14.2		1.48218727112	7.14322532512
27.84	14.1638345718	14.341		1.49409759045	7.0572188963
27.94	14.3192138672	14.484		1.5537904501	6.87323900334
28.04	14.4724445343	14.626		1.53230953217	6.8023170515
28.14	14.6281814575	14.77		1.54017877579	6.64769167318
28.24	14.7828445435	14.913		1.5295445919	6.44961100293
28.34	14.938044548	15.057		1.55200052261	6.25955795132
28.44	15.092707634	15.201		1.53131699562	6.06686932809
28.54	15.2455806732	15.345		1.51359331608	5.89404594764
28.64	15.3954105377	15.489		1.49650800228	5.78828042644
28.74	15.5414810181	15.633		1.44447147846	5.7146076919
28.84	15.6836137772	15.776		1.41953444481	5.67852071135
28.94	15.8200178146	15.919		1.36404192448	5.76438907011
29.04	15.9557056427	16.061		1.34344696999	5.80857383155
29.14	16.0869178772	16.203		1.31212949753	5.9468939742
29.24	16.2222480774	16.343		1.33990240097	5.96673303839
29.34	16.3552513123	16.484		1.33003032207	6.01200461727
29.44	16.4904022217	16.622		1.34972119331	6.20768107777
29.54	16.6253738403	16.76		1.33458530903	6.20768107777
29.64	16.6253738403	16.896		1.33458530903	6.085360485
29.74	16.7580184937	17.031		1.32466006279	9.62759671825
29.84	16.8997936249	17.164		1.41595435143	8.78983577321
29.94	17.0481910706	17.296		1.46751213074	8.30594534795
30.04	17.2087612152	17.426		1.60391294956	7.73812515658
30.14	17.371837616	17.555		1.63076412678	7.23797707046
30.24	17.5361671448	17.681		1.62525188923	6.74561593171
30.34	17.697095871	17.805		1.60749292374	6.24870141927
30.44	17.8551597595	17.927		1.56321942806	5.73268513867
30.54	18.0112552643	18.047		1.55916059017	5.1486538124
30.64	18.15965271	18.165		1.4839771986	4.62246396558
30.74	18.2958774567	18.279		1.33378601074	4.28565828451
30.84	18.4218997955	18.391		1.26021718979	3.97545922803
30.94	18.5301990509	18.501		1.08120906353	3.97433765261
31.04	18.6333084106	18.607		1.00911438465	3.91493069368
31.14	18.7172622681	18.711		0.839548110962	4.17633431215
31.24	18.798532486	18.811		0.812696874142	4.34623794047
31.34	18.877117157	18.908		0.776292622089	4.50207057321
31.44	18.957490921	19.002		0.801956474781	4.54833900795
31.54	19.0394763947	19.093		0.819857180119	4.52356755358
31.64	19.1225357056	19.18		0.82237392664	4.43893214911
31.74	19.2082805634	19.263		0.855658888817	4.2933019671
31.84	19.2961730957	19.342		0.870227634907	4.02787363519
31.94	19.3774433136	19.417		0.812696874142	3.90329663584
32.04	19.4565658569	19.489		0.791215956211	3.70884323613
32.14	19.5310325623	19.556		0.735528409481	3.60758095626
32.24	19.6015625	19.619		0.698308944702	3.44106243032
32.34	19.6688690186	19.678		0.671280443668	3.27531309364
32.44	19.731880188	19.732		0.62386995554	3.10498189214
32.54	19.7916698456	19.781		0.596097052097	2.87552635146
32.64	19.8453731537	19.826		0.537024378777	2.69926985816
32.74	19.8929901123	19.866		0.471447110176	2.53302968617
32.84	19.9370269775	19.901		0.440359979868	2.32400235878
32.94	19.9551067352	19.931		0.179008126259	2.65573631145
33.04	19.9953842163	19.955		0.402768284082	2.17978484015
33.14	20.0288581848	19.975		0.334745168686	1.80139867807
33.24	20.0379867554	19.989		0.0903902426362	2.00200915513
33.34	20.041387558	19.997		0.0322214588523	2.10856386981
33.44	20.0451469421	20.0		0.0375917032361	2.00387474141
33.54	20.0469379425	20.0		0.0177235770971	1.85357088364
33.64	20.047296524	20.0		0.00358016253449	1.71049889764
33.74	20.0483703613	20.0		0.010740486905	1.56214525394
33.84	20.051235199	20.0		0.0283577218652	1.37557961427
33.94	20.0560684204	20.0		0.0478536561131	1.15105057642
34.04	20.0600070953	20.0		0.0393817871809	0.96440775939
34.14	20.064661026	20.0		0.0460812970996	0.746287241725
34.24	20.0723590851	20.0		0.076973490417	0.473238508777
34.34	20.0770130157	20.0		0.0460812970996	0.254045078949
34.44	20.0818462372	20.0		0.048332195729	0.0178640355273
34.54	20.0848884583	20.0		0.0304313823581	0.0178640355273
34.64	20.0873947144	20.0		0.0245697405189	-0.373280620306
34.74	20.0873947144	20.0		0.0	-0.532384279138
34.84	20.0940189362	20.0		0.0662330091	-0.893635675612
34.94	20.0580387115	20.0		-0.356243908405	-0.110867054025
35.04	20.0349464417	20.0		-0.229130402207	0.138344575689
35.14	20.0288600922	20.0		-0.0608627647161	0.138344575689
35.24	20.0283222198	20.0		-0.00531707331538	0.138344575689
35.34	20.0202674866	20.0		-0.0805536583066	-0.16547263929
35.44	20.0075588226	20.0		-0.125837385654	0.221954312319
35.54	20.0039787292	20.0		-0.0358016230166	0.0456714405437
35.64	20.0036201477	20.0		-0.00358016253449	0.0456714405437
35.74	20.0030822754	20.0		-0.00531707331538	0.0456714405437
35.84	19.999502182	20.0		-0.0358016230166	-0.0854169099804
35.94	19.9901943207	20.0		-0.0930842235684	0.168026890509
36.04	19.9866142273	20.0		-0.0354471541941	0.197285850729
36.14	19.9864349365	20.0		-0.00179008126725	0.199941882828
36.24	19.9864349365	20.0		0.0	0.200853847273
36.34	19.9864349365	20.0		0.0	0.218512231273
36.44	19.9864349365	20.0		0.0	0.243706504073
36.54	19.9864349365	20.0		0.0	0.272291926833
36.64	19.9864349365	20.0		0.0	0.302403367075
36.74	19.9864349365	20.0		0.0	0.333201515184
36.84	19.9864349365	20.0		0.0	0.364308681833
36.94	19.9864349365	20.0		0.0	0.395554906825
37.04	19.9864349365	20.0		0.0	0.426863708071
37.14	19.9864349365	20.0		0.0	0.458200668632
37.24	19.9864349365	20.0		0.0	0.489550300884
37.34	19.9864349365	20.0		0.0	0.520905635398
37.44	19.9864349365	20.0		0.0	0.552263535929
37.54	19.9864349365	20.0		0.0	0.583622591168
37.64	19.9864349365	20.0		0.0	0.614982166026
37.74	19.9864349365	20.0		0.0	0.646341974712
37.84	19.9864349365	20.0		0.0	0.67770188862
37.94	19.9864349365	20.0		0.0	0.709061849879
38.04	19.9862556458	20.0		-0.00177235761657	0.740421832446
38.14	19.9810638428	20.0		-0.051912356168	0.902118074601
38.24	19.9778423309	20.0		-0.0319024398923	0.98883488357
38.34	19.9688911438	20.0		-0.0895040631294	1.23697294761
38.44	19.9608364105	20.0		-0.0805536583066	1.43758382642
38.54	19.9719352722	20.0		0.109886169434	1.14891697189
38.64	19.98554039	20.0		0.136046171188	0.881415137351
38.74	19.9935951233	20.0		0.0805536583066	0.658783311808
38.84	20.005947113	20.0		0.122292682528	0.804036490314
38.94	20.012928009	20.0		0.069813169539	0.530526170641
39.04	20.02384758	20.0		0.107404880226	0.332597026788
39.14	20.0286808014	20.0		0.0478536561131	0.276468412055
39.24	20.0367355347	20.0		0.0797560960054	0.0946007854247
39.34	20.0392417908	20.0		0.0250611398369	0.0552918534411
39.44	20.0413894653	20.0		0.0212682932615	0.0552918534411
39.54	20.0422840118	20.0		0.00895040575415	0.0552918534411
39.64	20.0422840118	20.0		0.0	-0.175962088605
39.74	20.026889801	20.0		-0.15215690434	0.131953810128
39.84	20.0145378113	20.0		-0.123515605927	0.287090214557
39.94	20.0145378113	20.0		0.0	0.128046596551
40.04	20.0145378113	20.0		0.0	0.0379969684479
40.14	20.0145378113	20.0		0.0	0.0379969684479
40.24	20.013999939	20.0		-0.00531707331538	0.0379969684479
40.34	20.0109577179	20.0		-0.0301300808787	-0.00508037375017
40.44	20.0034389496	20.0		-0.0751834064722	0.231213581812
40.54	20.0032596588	20.0		-0.00177235761657	0.144702111816
40.64	20.0032596588	20.0		0.0	0.105771950317
40.74	20.0032596588	20.0		0.0	0.0882533776427
40.84	20.0032596588	20.0		0.0	0.0803700199392
40.94	20.0032596588	20.0		0.0	0.0768225089726
41.04	20.0032596588	20.0		0.0	0.0752261290377
41.14	20.0032596588	20.0		0.0	0.074507758067
41.24	20.0032596588	20.0		0.0	0.0741844911301
41.34	20.0032596588	20.0		0.0	0.0740390210086
41.44	20.0032596588	20.0		0.0	0.0739735594538
41.54	20.0032596588	20.0		0.0	0.0739441017542
41.64	20.0032596588	20.0		0.0	0.0739308457894
41.74	20.0032596588	20.0		0.0	0.0739248806052
41.84	20.0032596588	20.0		0.0	0.0739221962723
41.94	20.0032596588	20.0		0.0	0.0739209883226
42.04	20.0032596588	20.0		0.0	0.0739204447451
42.14	20.0032596588	20.0		0.0	0.0739202001353
42.24	20.0032596588	20.0		0.0	0.0739200900609
42.34	20.0032596588	20.0		0.0	0.0739200405274
42.44	20.0032596588	20.0		0.0	0.0739200182373
42.54	20.0032596588	20.0		0.0	0.0739200082068
42.64	20.0032596588	20.0		0.0	0.0739200036931
42.74	20.0032596588	20.0		0.0	0.0739200016619
42.84	20.0032596588	20.0		0.0	0.0739200007478
42.94	20.0032596588	20.0		0.0	0.0739200003365
43.04	20.0032596588	20.0		0.0	0.0739200001514
43.14	20.0032596588	20.0		0.0	0.0739200000681
43.24	20.0032596588	20.0		0.0	0.0739200000307
43.34	20.0032596588	20.0		0.0	0.0739200000138
43.44	20.0032596588	20.0		0.0	0.0739200000062
43.54	20.0032596588	19.999		0.0	0.0739200000028
43.64	20.0032596588	19.997		0.0	0.0739200000013
43.74	20.0032596588	19.994		0.0	0.0739200000006
43.84	20.0032596588	19.989		0.0	0.0739200000002
43.94	20.0032596588	19.983		0.0	0.0739200000002
44.04	20.003080368	19.976		-0.00179008126725	0.0739200000002
44.14	20.003080368	19.968		0.0	-0.49499646625
44.24	19.9944877625	19.958		-0.0859238952398	-0.470273159812
44.34	19.9755134583	19.947		-0.189748615026	-0.300172921916
44.44	19.9583282471	19.935		-0.170146346092	-0.203583064862
44.54	19.9400691986	19.921		-0.182588279247	-0.00964862918792
44.64	19.9241371155	19.906		-0.157739818096	-0.115221883135
44.74	19.9155445099	19.89		-0.0850731730461	-0.423402347411
44.84	19.900686264	19.873		-0.14857673645	-0.425158306335
44.94	19.8865451813	19.855		-0.141416430473	-0.500170987851
45.04	19.859336853	19.835		-0.269398331642	-0.133639444533
45.14	19.8246097565	19.814		-0.347275793552	0.0465347499603
45.24	19.8201351166	19.792		-0.0438745394349	0.0465347499603
45.34	19.8067092896	19.769		-0.134256094694	0.0465347499603
45.44	19.7979373932	19.745		-0.0877139791846	-1.26545883813
45.54	19.7664318085	19.72		-0.31193497777	-0.84771522716
45.64	19.7517528534	19.693		-0.144996598363	-0.644701852222
45.74	19.7274074554	19.665		-0.243451058865	-1.0062075835
45.84	19.7080745697	19.636		-0.191414624453	-1.06759991257
45.94	19.7080745697	19.606		-0.191414624453	-1.33665721066
46.04	19.681760788	19.575		-0.263141959906	-2.2131469948
46.14	19.6450634003	19.543		-0.366966664791	-1.96626464766
46.24	19.6017436981	19.51		-0.428910583258	-1.75985534145
46.34	19.5517997742	19.475		-0.499432682991	-1.48935965365
46.44	19.4984550476	19.44		-0.526390254498	-1.22213409414
46.54	19.443857193	19.403		-0.540569067001	-0.863765592364
46.64	19.3858585358	19.366		-0.579986393452	-0.662575266564
46.74	19.3285751343	19.327		-0.567154467106	-0.327781869954
46.84	19.2773780823	19.287		-0.511963248253	-0.143291591479
46.94	19.2311935425	19.247		-0.461840957403	-0.0701737161657
47.04	19.1841144562	19.205		-0.466130077839	0.109004577725
47.14	19.1418685913	19.162		-0.422459185123	0.144532059976
47.24	19.1028442383	19.118		-0.388447612524	0.133866426989
47.34	19.0699062347	19.074		-0.322916597128	0.133866426989
47.44	19.0373268127	19.028		-0.325794786215	-0.116546686035
47.54	19.0176353455	18.981		-0.196908935905	-0.888366258716
47.64	18.9812965393	18.933		-0.358016252518	-0.587028816422
47.74	18.9454956055	18.885		-0.358016252518	-0.76423396739
47.84	18.9292049408	18.835		-0.161284536123	-1.48253728533
47.94	18.8808727264	18.785		-0.483321934938	-1.3511162784
48.04	18.8513355255	18.733		-0.295363426208	-1.83493132528
48.14	18.8117752075	18.681		-0.391691058874	-2.12220934638
48.24	18.7693500519	18.627		-0.424249261618	-2.35551145587
48.34	18.718870163	18.573		-0.499804854393	-2.51540115514
48.44	18.66015625	18.518		-0.579560935497	-2.50023426981
48.54	18.594997406	18.462		-0.65158957243	-2.42757692142
48.64	18.5203514099	18.402		-0.746463835239	-2.16977986464
48.74	18.4421253204	18.347		-0.774520277977	-1.98911043909
48.84	18.3655090332	18.285		-0.766154766083	-1.72523944759
48.94	18.2912197113	18.229		-0.742883741856	-1.50278400142
49.04	18.2169303894	18.169		-0.735528409481	-1.42296580064
49.14	18.148727417	18.108		-0.682020962238	-1.37410061029
49.24	18.0826740265	18.046		-0.653999865055	-1.33738502463
49.34	18.0214538574	17.983		-0.612207770348	-1.37771926108
49.44	17.9609489441	17.919		-0.605047464371	-1.44327141749
49.54	17.9047412872	17.855		-0.556520223618	-1.60161013787
49.64	17.851934433	17.789		-0.526283919811	-1.88030606204
49.74	17.7987689972	17.724		-0.531654119492	-1.76028172792
49.84	17.7445297241	17.657		-0.531759440899	-2.25368302756
49.94	17.6852779388	17.59		-0.590726852417	-2.3159001124
50.04	17.6233406067	17.521		-0.619368195534	-2.38601130058
50.14	17.5614032745	17.452		-0.607223570347	-2.55303183526
50.24	17.4930229187	17.383		-0.683811068535	-2.58081957587
50.34	17.4217777252	17.312		-0.712452352047	-2.57417030914
50.44	17.3428344727	17.241		-0.781609714031	-2.44575063911
50.54	17.2646083832	17.169		-0.782265484333	-2.3839330376
50.64	17.182264328	17.096		-0.815284490585	-2.22166211692
50.74	17.1006374359	17.023		-0.814486920834	-2.01862570261
50.84	17.0172195435	16.949		-0.834177911282	-2.15516556618
50.94	16.9363079071	16.874		-0.801105678082	-1.87773425478
51.04	16.8566493988	16.799		-0.794796049595	-1.86051141465
51.14	16.7787799835	16.723		-0.778685331345	-1.82374038659
51.24	16.7019863129	16.646		-0.758569121361	-1.80907992397
51.34	16.6250133514	16.569		-0.769734919071	-1.79414196578
51.44	16.5494728088	16.491		-0.747934877872	-1.7876151346
51.54	16.4744682312	16.413		-0.742617845535	-1.82070856057
51.64	16.3996429443	16.334		-0.748254001141	-1.86633185226
51.74	16.3215961456	16.254		-0.772747993469	-1.82678858352
51.84	16.2485599518	16.173		-0.728563010693	-2.08948586258
51.94	16.1724815369	16.092		-0.760784506798	-1.99732463816
52.04	16.0974769592	16.011		-0.742617845535	-1.95585208717
52.14	16.0221138	15.929		-0.753624260426	-2.22392918923
52.24	15.9465723038	15.846		-0.755414247513	-2.34774288515
52.34	15.8704938889	15.763		-0.745867192745	-2.45931979832
52.44	15.7933416367	15.679		-0.769734919071	-2.59031340924
52.54	15.7165470123	15.595		-0.767944812775	-2.78957103416
52.64	15.635635376	15.51		-0.79933321476	-2.86400471537
52.74	15.5511436462	15.425		-0.844918370247	-2.89541812192
52.84	15.4643249512	15.339		-0.868189394474	-2.90793165486
52.94	15.3760738373	15.253		-0.882510006428	-2.94453874469
53.04	15.282989502	15.166		-0.930842280388	-2.85918768511
53.14	15.1918745041	15.079		-0.900357604027	-2.8761894583
53.24	15.0968208313	14.991		-0.950533092022	-2.77745925623
53.34	15.0030202866	14.903		-0.93800252676	-2.73905316531
53.44	14.9043865204	14.814		-0.976569056511	-2.52893492439
53.54	14.8046789169	14.725		-0.997075200081	-2.64475671597
53.64	14.7042551041	14.635		-1.00244545937	-2.14946427219
53.74	14.6015043259	14.545		-1.01556098461	-1.95605992248
53.84	14.4976797104	14.455		-1.03645706177	-1.67380546512
53.94	14.4008359909	14.364		-0.968433916569	-1.5518537093
54.04	14.2988014221	14.273		-1.00847148895	-1.26642641919
54.14	14.2053594589	14.181		-0.923398375511	-1.17254613863
54.24	14.1208677292	14.089		-0.836552739143	-1.30765576239
54.34	14.0277833939	13.997		-0.930842280388	-1.12821784307
54.44	13.9350576401	13.904		-0.91808116436	-0.963782779383
54.54	13.8435840607	13.811		-0.903902411461	-0.883068750722
54.64	13.756228447	13.718		-0.871769607067	-0.868101187825
54.74	13.6692304611	13.624		-0.86136585474	-0.862353034521
54.84	13.5836648941	13.53		-0.847186923027	-0.928816115535
54.94	13.502573967	13.436		-0.81090682745	-1.09053750199
55.04	13.418261528	13.341		-0.841338157654	-1.1367471259
55.14	13.3352022171	13.246		-0.82237392664	-1.44679470665
55.24	13.2503519058	13.151		-0.848498523235	-1.27075361799
55.34	13.166217804	13.055		-0.833008110523	-1.5825438781
55.44	13.0856637955	12.959		-0.803746461868	-1.89543674514
55.54	13.0061845779	12.863		-0.793005943298	-2.21100653531
55.64	12.9275999069	12.767		-0.778065025806	-2.59962744089
55.74	12.8440027237	12.67		-0.834177911282	-2.8518313484
55.84	12.7553939819	12.573		-0.877317070961	-3.05835010678
55.94	12.6626682281	12.476		-0.91808116436	-3.24608979805
56.04	12.5665407181	12.379		-0.9594835639	-3.37986365912
56.14	12.4645061493	12.281		-1.01855623722	-3.40430639661
56.24	12.3603229523	12.183		-1.03151226044	-3.42644312847
56.34	12.2500543594	12.085		-1.10269010067	-3.34364440781
56.44	12.1392478943	11.987		-1.10806024075	-3.26042973352
56.54	12.0279045105	11.889		-1.10240638256	-3.17854313008
56.64	11.91477108	11.791		-1.12954127789	-3.02910365854
56.74	11.7971630096	11.692		-1.16443896294	-2.57910814634
56.84	11.6799125671	11.593		-1.17071306705	-2.51961566585
56.94	11.5653476715	11.494		-1.14386188984	-2.27135904963
57.04	11.4477396011	11.395		-1.16266667843	-1.93643707234
57.14	11.3414087296	11.296		-1.06151819229	-1.83607468255
57.24	11.2365102768	11.197		-1.04719758034	-1.73429735715
57.34	11.1296424866	11.097		-1.05632507801	-1.49492781072
57.44	11.0258178711	10.998		-1.03645706177	-1.34064851482
57.54	10.9279003143	10.898		-0.977384328842	-1.27994308167
57.64	10.8333835602	10.798		-0.935804843903	-1.27919063675
57.74	10.7354660034	10.699		-0.979174494743	-1.16325028654
57.84	10.6388015747	10.599		-0.957073092461	-1.07660037894
57.94	10.546254158	10.499		-0.925472080708	-1.09356492052
58.04	10.4524536133	10.399		-0.93800252676	-1.06958771424
58.14	10.3582954407	10.299		-0.932260155678	-1.05210997141
58.24	10.2671804428	10.199		-0.91115128994	-1.12315073713
58.34	10.1767816544	10.099		-0.903991103172	-1.21858633171
58.44	10.0922899246	9.999		-0.836552739143	-1.63259534927
58.54	9.99759483337	9.899		-0.945162951946	-1.43321190717
58.64	9.91489315033	9.799		-0.8270175457	-1.76056535823
58.74	9.82986450195	9.699		-0.833616256714	-2.0380951612
58.84	9.74483585358	9.599		-0.850288629532	-2.32921557254
58.94	9.65944862366	9.499		-0.853868722916	-2.61886450764
59.04	9.56958675385	9.4		-0.887951135635	-2.86442877844
59.14	9.47775554657	9.3		-0.918311715126	-3.0520317003
59.24	9.38252353668	9.2		-0.942894220352	-3.24016651513
59.34	9.2831735611	9.1		-0.993495106697	-3.33942693181
59.44	9.18364524841	9.001		-0.995285153389	-3.51241736931
59.54	9.07964134216	8.901		-1.02973985672	-3.51241736931
59.64	8.97384738922	8.802		-1.0579379797	-3.58952410479
59.74	8.86608409882	8.702		-1.07583892345	-3.56968059715
59.84	8.75205612183	8.603		-1.11616826057	-3.43243876872
59.94	8.63534259796	8.504		-1.16534292698	-3.20850694592
60.04	8.5143327713	8.405		-1.21009492874	-3.20850694592
60.14	8.39153289795	8.306		-1.21406507492	-2.62857212567
60.24	8.39153289795	8.208		-1.21406507492	-2.58972720655
60.34	8.15524196625	8.109		-1.18925189972	-4.89558449295
60.44	8.15524196625	8.011		-1.18925189972	-4.02348552183
60.54	8.03172683716	7.913		-1.23336601257	-3.42171923482
60.64	7.90874814987	7.815		-1.22799575329	-3.06766540567
60.74	7.78594875336	7.717		-1.21583724022	-2.52054718255
60.84	7.66941452026	7.62		-1.16534292698	-2.25174448215
60.94	7.56039857864	7.522		-1.08836936951	-2.09193401697
61.04	7.45514202118	7.425		-1.04037392139	-1.97400355763
61.14	7.35489749908	7.328		-1.00244545937	-1.88290785094
61.24	7.2623500824	7.232		-0.923681914806	-1.91253753292
61.34	7.17177200317	7.135		-0.895040631294	-1.93083738981
61.44	7.08638525009	7.039		-0.853868722916	-2.04670457542
61.54	7.00422048569	6.943		-0.821647286415	-2.21057455894
61.64	6.92599391937	6.848		-0.774520277977	-2.46496905152
61.74	6.84651422501	6.752		-0.786926865578	-2.68608332318
61.84	6.76971960068	6.657		-0.758569121361	-2.95676399543
61.94	6.6941781044	6.563		-0.753624260426	-3.28046154794
62.04	6.61613035202	6.468		-0.780475497246	-3.55569169658
62.14	6.53289175034	6.374		-0.824146330357	-3.77714826346
62.24	6.44893693924	6.281		-0.839548110962	-4.00718121856
62.34	6.3594326973	6.187		-0.886178731918	-4.10598529835
62.44	6.26634836197	6.094		-0.919853568077	-4.22001663426
62.54	6.16896772385	6.001		-0.973804235458	-4.24685848542
62.64	6.06568002701	5.909		-1.03108668327	-4.16078981844
62.74	5.95755910873	5.817		-1.06873166561	-3.9603754183
62.84	5.84872198105	5.725		-1.08836936951	-3.76791368823
62.94	5.73791599274	5.634		-1.09708929062	-3.52348340971
63.04	5.62746810913	5.543		-1.10448014736	-3.42372528437
63.14	5.52364349365	5.453		-1.02796733379	-3.11146262797
63.24	5.41999769211	5.363		-1.02619493008	-2.91568868258
63.34	5.31796312332	5.274		-1.02034628391	-2.71956490716
63.44	5.22649002075	5.184		-0.905674695969	-2.70804245822
63.54	5.13806009293	5.096		-0.875544726849	-2.7484496062
63.64	5.05410528183	5.008		-0.837758004665	-2.77916732279
63.74	4.9769525528	4.92		-0.762113690376	-2.95786104526
63.84	4.90338039398	4.833		-0.726666629314	-3.17217897036
63.94	4.83052396774	4.746		-0.728563010693	-3.44538378666
64.04	4.75498247147	4.659		-0.755414247513	-3.270294704
64.14	4.67908287048	4.574		-0.74970728159	-3.7128496168
64.24	4.59817123413	4.488		-0.807326674461	-3.69028332756
64.34	4.51439523697	4.404		-0.829463362694	-3.6917059974
64.44	4.42650222778	4.319		-0.878929972649	-3.61111394883
64.54	4.33699798584	4.236		-0.895040631294	-3.52544102697
64.64	4.24892616272	4.152		-0.871999979019	-3.46638421214
64.74	4.1608543396	4.07		-0.880719959736	-3.20460664546
64.84	4.0743932724	3.988		-0.86460930109	-3.31471299046
64.94	3.98632121086	3.906		-0.863450884819	-3.36426084571
65.04	3.89986038208	3.825		-0.86460930109	-3.38655738057
65.14	3.81483149529	3.745		-0.850288629532	-3.13591832126
65.24	3.73033976555	3.665		-0.834780395031	-3.05578699456
65.34	3.64584803581	3.586		-0.844918370247	-2.98463514755
65.44	3.56243014336	3.508		-0.824146330357	-2.8689975664
65.54	3.48169755936	3.43		-0.807326674461	-2.82291440488
65.64	3.40096497536	3.352		-0.807326674461	-2.7270057322
65.74	3.32202243805	3.276		-0.781609714031	-2.67464532949
65.84	3.24433279037	3.2		-0.776895225048	-2.57951989827
65.94	3.16950750351	3.124		-0.748254001141	-2.58448645422
66.04	3.09593510628	3.05		-0.728438913822	-2.5668334044
66.14	3.0225417614	2.976		-0.724894225597	-2.51539828198
66.24	2.94986438751	2.902		-0.726773023605	-2.46752447689
66.34	2.87933516502	2.83		-0.69653648138	-2.4746197646
66.44	2.80773186684	2.758		-0.708943068981	-2.42295014407
66.54	2.73863482475	2.687		-0.689181268215	-2.43326531483
66.64	2.67061161995	2.616		-0.673495829105	-2.44010714167
66.74	2.60348367691	2.547		-0.669490337372	-2.44908196375
66.84	2.53707170486	2.478		-0.655772328377	-2.46271263369
66.94	2.47101759911	2.409		-0.658749878407	-2.66460518516
67.04	2.40424752235	2.342		-0.667700350285	-2.58014433332
67.14	2.33658242226	2.275		-0.669951200485	-2.54213694999
67.24	2.26873826981	2.209		-0.678440749645	-2.5250336275
67.34	2.20322132111	2.144		-0.655169725418	-2.51733713237
67.44	2.13698840141	2.079		-0.653999865055	-2.51387370957
67.54	2.07254552841	2.016		-0.644429266453	-2.51231516931
67.64	2.00738668442	1.953		-0.65158957243	-2.51161382619
67.74	1.94151163101	1.891		-0.652227699757	-2.22455847178
67.84	1.87671065331	1.83		-0.648009419441	-2.1964735623
67.94	1.8129837513	1.77		-0.630959272385	-2.14097935304
68.04	1.75319504738	1.71		-0.597887158394	-2.14765670887
68.14	1.6960914135	1.652		-0.571035921574	-2.20791926899
68.24	1.63916683197	1.594		-0.558084130287	-2.19126292105
68.34	1.58277928829	1.537		-0.563875555992	-2.20235481447
68.44	1.52495968342	1.481		-0.578196227551	-2.13266441651
68.54	1.46875107288	1.426		-0.556520223618	-2.10405098743
68.64	1.41451156139	1.372		-0.542394638062	-2.10245819434
68.74	1.36098814011	1.318		-0.53523427248	-2.07065818745
68.84	1.30495858192	1.266		-0.55474793911	-1.99066168435
68.94	1.25143516064	1.215		-0.53523427248	-1.92157525796
69.04	1.19916474819	1.164		-0.522703707218	-1.88100161608
69.14	1.14868450165	1.114		-0.499804854393	-1.88662997724
69.24	1.0989202261	1.066		-0.4958525002	-1.85315148976
69.34	1.04772388935	1.018		-0.505121946335	-1.74140442039
69.44	0.997064590454	0.971		-0.504802882671	-1.64333423918
69.54	0.948374390602	0.926		-0.486902117729	-1.57378990763
69.64	0.902727305889	0.881		-0.45195120573	-1.54922145843
69.74	0.858154296875	0.837		-0.445730239153	-1.50982965629
69.84	0.814297318459	0.795		-0.438569933176	-1.46376734533
69.94	0.772946417332	0.753		-0.407642245293	-1.4407705554
70.04	0.755761623383	0.712		-0.17184779048	-1.95926624993
70.14	0.698658049107	0.672		-0.569245815277	-1.46802756247
70.24	0.667868673801	0.634		-0.304845511913	-1.79773465311
70.34	0.631530046463	0.596		-0.361596405506	-1.7181965939
70.44	0.59268528223	0.56		-0.38460162282	-1.68240446725
70.54	0.552766442299	0.524		-0.399188101292	-1.66629801026
70.64	0.511057555676	0.49		-0.417088955641	-1.32017585462
70.74	0.468632638454	0.457		-0.420048773289	-1.16777313458
70.84	0.443750500679	0.424		-0.248821288347	-1.42210791056
70.94	0.398461431265	0.393		-0.452890574932	-1.04141830975
71.04	0.365702956915	0.363		-0.324341446161	-1.03991498939
71.14	0.336345613003	0.334		-0.293573349714	-1.02350574522
71.24	0.310031414032	0.307		-0.263141959906	-1.06105933535
71.34	0.283359199762	0.28		-0.264081269503	-0.995796700908
71.44	0.271723657846	0.255		-0.116355285048	-1.56247451541
71.54	0.248810619116	0.23		-0.229130402207	-1.39672953193
71.64	0.224107503891	0.207		-0.244585365057	-1.32214428937
71.74	0.195645213127	0.185		-0.284622907639	-1.00184118022
71.84	0.169689029455	0.164		-0.256991833448	-0.932727531097
71.94	0.133171379566	0.145		-0.365176558495	-0.536195388994
72.04	0.112227424979	0.126		-0.209439501166	-0.547929425047
72.14	0.0982647910714	0.109		-0.138243898749	-0.677952491271
72.24	0.0698025003076	0.093		-0.281804889441	-0.327570871072
72.34	0.0604940764606	0.079		-0.0930842235684	-0.471098391982
72.44	0.049753587693	0.065		-0.105298899114	-0.494111276392
72.54	0.0221863351762	0.053		-0.273882418871	-0.0336725743764
72.64	-0.000547697767615	0.042		-0.227340310812	0.267803091531
72.74	-0.0134362839162	0.032		-0.127609759569	0.303218641189
72.84	-0.0134362839162	0.024		0.0	0.108711888535
72.94	-0.0134362839162	0.016		0.0	0.0433983498408
73.04	-0.0134362839162	0.011		0.0	0.0433983498408
73.14	-0.013615292497	0.006		-0.00179008126725	0.0433983498408
73.24	-0.0146893411875	0.003		-0.0106341466308	0.0807901971293
73.34	-0.0150473574176	0.001		-0.00358016253449	0.0881298387082
73.44	-0.0150473574176	0.001		0.0	0.114067927419
