%1-Time(seg)	2-Pos_Encoder	3-x_ref	4-Velo_Encoder(m/s)	5-Torque(N.m)
3.48	-0.0202279165387	0.0		-0.125305682421	-0.663493109759
3.58	-0.0361596383154	0.003		-0.159317225218	-0.667488052734
3.68	-0.0553135089576	0.011		-0.18964228034	-0.667488052734
3.78	-0.0800166279078	0.026		-0.247031211853	-0.535953423055
3.88	-0.0857448875904	0.045		-0.0567154437304	0.103927542891
3.98	-0.0857448875904	0.07		-0.0567154437304	0.667888818487
4.08	-0.0955903381109	0.1		-0.0984544679523	0.79390596911
4.18	-0.104361735284	0.135		-0.0877139791846	1.37071123395
4.28	-0.104719750583	0.176		-0.00354471523315	1.75771553262
4.38	-0.11241710186	0.221		-0.076973490417	2.55720743646
4.48	-0.0970223993063	0.27		0.15215690434	2.71681189919
4.58	-0.0648009330034	0.325		0.319024384022	2.85043882038
4.68	-0.015573695302	0.384		0.487398326397	2.92481574842
4.78	0.0434989891946	0.447		0.590726852417	3.0028369299
4.88	0.109373986721	0.515		0.652227699757	3.15767608239
4.98	0.177576079965	0.587		0.682020962238	3.4210537307
5.08	0.25222247839	0.663		0.746463835239	3.6170905617
5.18	0.333134144545	0.744		0.801105678082	3.82341997908
5.28	0.42031109333	0.828		0.871769607067	4.0146809073
5.38	0.513932347298	0.915		0.926943063736	4.16019673153
5.48	0.609343647957	1.007		0.954113304615	4.36882788938
5.58	0.712273299694	1.102		1.0275067091	4.52325732234
5.68	0.821826279163	1.2		1.08468282223	4.61459981554
5.78	0.934780418873	1.302		1.12954127789	4.71716195757
5.88	1.05346286297	1.407		1.18682396412	4.79965666509
5.98	1.1751884222	1.515		1.19338750839	4.92957693113
6.08	1.30156815052	1.626		1.26379728317	4.93335051404
6.18	1.42955899239	1.74		1.27990806103	5.01058430708
6.28	1.56435215473	1.857		1.31974625587	5.02647969335
6.38	1.69986128807	1.976		1.35330140591	5.034758097
6.48	1.84253072739	2.098		1.4107966423	4.93147433226
6.58	1.98681128025	2.222		1.42674779892	4.90040535471
6.68	2.13306093216	2.349		1.46249628067	4.79487258688
6.78	2.28056359291	2.478		1.45865046978	4.47156744921
6.88	2.42860341072	2.609		1.47860705853	4.33775236581
6.98	2.57628512383	2.742		1.4621950388	4.31001777131
7.08	2.7205657959	2.877		1.42674779892	4.35948846857
7.18	2.86341428757	3.014		1.42669475079	4.38208899807
7.28	3.00393557549	3.152		1.40342366695	4.46045615078
7.38	3.1444568634	3.292		1.38952839375	4.51555602573
7.48	3.28390431404	3.433		1.39447331429	4.57102135504
7.58	3.42603683472	3.576		1.40725195408	4.57807147651
7.68	3.56852722168	3.72		1.42311453819	4.59696450754
7.78	3.7090485096	3.865		1.40342366695	4.65154500889
7.88	3.85243391991	4.011		1.41788613796	4.65709940774
7.98	3.99760961533	4.158		1.45175588131	4.61527840585
8.08	4.14350128174	4.305		1.45712602139	4.61102226551
8.18	4.2884979248	4.454		1.43383717537	4.6418252967
8.28	4.43438959122	4.602		1.4589163065	4.6457972709
8.38	4.58028125763	4.752		1.45712602139	4.61306570625
8.48	4.71829652786	4.901		1.36648774147	4.83603450609
8.58	4.85613298416	5.051		1.37657237053	4.8369157774
8.68	4.99486446381	5.201		1.37357711792	4.90150025516
8.78	5.1396818161	5.351		1.43206501007	4.81027500761
8.88	5.28091907501	5.501		1.41058409214	5.14117224846
8.98	5.42287254333	5.651		1.391700387	5.34335027241
9.08	5.56124591827	5.8		1.38373291492	5.55277801708
9.18	5.7014093399	5.949		1.39984357357	5.69157840317
9.28	5.84586906433	6.097		1.42852020264	5.80110865504
9.38	5.9930138588	6.245		1.46965670586	5.82823700879
9.48	6.13926362991	6.392		1.44624388218	5.98610241232
9.58	6.28712415695	6.538		1.46396744251	6.04473848819
9.68	6.44107103348	6.683		1.53946983814	5.95315820179
9.78	6.59877729416	6.827		1.57527148724	5.85814518434
9.88	6.75540924072	6.969		1.55081307888	5.85225075252
9.98	6.91293621063	7.111		1.57527148724	5.48117748101
10.08	7.0674200058	7.25		1.5277723074	5.47284605242
10.18	7.21957683563	7.389		1.5197789669	5.36884424726
10.28	7.36833238602	7.525		1.4875575304	5.40516838287
10.38	7.51726722717	7.66		1.47282910347	5.35495333913
10.48	7.66530704498	7.793		1.47860705853	5.32856377915
10.58	7.81137752533	7.924		1.4589163065	5.31491044278
10.68	7.95440483093	8.053		1.41611373425	5.36049506823
10.78	8.09635829926	8.18		1.40547955036	5.36403100783
10.88	8.23508930206	8.304		1.38552284241	5.37896103608
10.98	8.36898708344	8.426		1.32572340965	5.45306374643
11.08	8.49679851532	8.545		1.26546347141	5.27093528559
11.18	8.62478923798	8.662		1.27990806103	5.07077892979
11.28	8.74776744843	8.776		1.21760964394	5.02727536774
11.38	8.86770248413	8.887		1.1857073307	4.92219896901
11.48	8.9801197052	8.995		1.11304044724	4.92149443558
11.58	9.09038829803	9.1		1.10269010067	4.82021378391
11.68	9.19886684418	9.202		1.07404875755	4.72923335038
11.78	9.30716705322	9.3		1.07050406933	4.57124704422
11.88	9.41331863403	9.395		1.06151819229	4.36894151865
11.98	9.51732254028	9.486		1.04003703594	4.19315944966
12.08	9.61506080627	9.574		0.967707276344	4.08814107351
12.18	9.70886135101	9.658		0.93800252676	3.95193914618
12.28	9.79800701141	9.738		0.889670312405	3.82086652976
12.38	9.88410949707	9.814		0.850731611252	3.67530994418
12.48	9.96663188934	9.886		0.823437333107	3.49617967962
12.58	10.0430679321	9.954		0.756796658039	3.39218206036
12.68	10.113776207	10.017		0.707082033157	3.2756853493
12.78	10.180188179	10.076		0.662330031395	3.12880912737
12.88	10.2419462204	10.13		0.611463308334	3.01713477908
12.98	10.2969017029	10.18		0.549554944038	2.90917024582
13.08	10.3498878479	10.225		0.524617791176	2.7536183845
13.18	10.398399353	10.265		0.47853654623	2.59609744779
13.28	10.4433307648	10.3		0.449310421944	2.39856548404
13.38	10.4837865829	10.33		0.404558360577	2.20896882629
13.48	10.5174398422	10.355		0.33320325613	2.08455952908
13.58	10.5435752869	10.375		0.261351853609	1.98143514149
13.68	10.5702476501	10.389		0.266722083092	1.70908316478
13.78	10.592086792	10.397		0.216227605939	1.47854663021
13.88	10.6001424789	10.4		0.0805536583066	1.46105022461
13.98	10.6056919098	10.4		0.0549430847168	1.28139948595
14.08	10.6074819565	10.4		0.0179008115083	1.1458158322
14.18	10.6076612473	10.4		0.00177235761657	1.01737047489
14.28	10.6076612473	10.4		0.0	0.838903482036
14.38	10.6076612473	10.4		0.0	0.643131410415
14.48	10.6076612473	10.4		0.0	0.436723233298
14.58	10.6076612473	10.4		0.0	0.222657060223
14.68	10.6076612473	10.4		0.0	0.00307713005945
14.78	10.6076612473	10.4		0.0	0.00307713005945
14.88	10.6076612473	10.4		0.0	0.00307713005945
14.98	10.6076612473	10.4		0.0	-0.675347037902
15.08	10.6124944687	10.4		0.0465421117842	-1.02378799456
15.18	10.5766925812	10.4		-0.358016252518	-0.277227923243
15.28	10.5591497421	10.4		-0.175427958369	-0.525285179795
15.38	10.5330142975	10.4		-0.258764207363	-0.327963100044
15.48	10.5160083771	10.4		-0.170057713985	-0.459886764669
15.58	10.5038356781	10.4		-0.121725529432	-0.589010170285
15.68	10.4753732681	10.4		-0.281804889441	-0.224759413814
15.78	10.4556827545	10.4		-0.196908935905	-0.0303835785425
15.88	10.4415407181	10.4		-0.141416430473	-0.0541681648861
15.98	10.4168376923	10.4		-0.244585365057	0.200172562135
16.08	10.4001903534	10.4		-0.166477560997	0.12205162836
16.18	10.3976840973	10.4		-0.0250611398369	0.12205162836
16.28	10.3846168518	10.4		-0.129382103682	0.12205162836
16.38	10.3787097931	10.4		-0.0590726844966	-0.161667417479
16.48	10.3729810715	10.4		-0.0567154437304	-0.203755830991
16.58	10.3654623032	10.4		-0.0751834064722	-0.193641413085
16.68	10.3565120697	10.4		-0.0895040631294	-0.170562293542
16.78	10.3550796509	10.4		-0.0141788609326	-0.330688654717
16.88	10.348277092	10.4		-0.0673495829105	-0.263075772964
16.98	10.3343143463	10.4		-0.137836262584	-0.110708447201
17.08	10.3072843552	10.4		-0.267626017332	0.615283950606
17.18	10.3001241684	10.4		-0.0716032460332	0.51405059904
17.28	10.2986917496	10.4		-0.014320650138	0.517635199902
17.38	10.2920684814	10.4		-0.0638048797846	0.740985715979
17.48	10.2895622253	10.4		-0.0250611398369	0.803991101002
17.58	10.2893829346	10.4		-0.00179008126725	0.87103876766
17.68	10.2893829346	10.4		0.0	0.969275944183
17.78	10.2893829346	10.4		0.0	1.07675912641
17.88	10.2893829346	10.4		0.0	1.18907588154
17.98	10.2893829346	10.4		0.0	1.30487280916
18.08	10.2893829346	10.4		0.0	1.42317546097
18.18	10.282043457	10.4		-0.0726666674018	1.42317546097
18.28	10.2689762115	10.4		-0.128885835409	2.08776977897
18.38	10.2816858292	10.4		0.125837385654	2.08776977897
18.48	10.3053150177	10.4		0.233951210976	1.71106244227
18.58	10.3053150177	10.4		0.233951210976	1.39954723804
18.68	10.3178453445	10.4		0.125305682421	1.51468628769
18.78	10.3335981369	10.4		0.157527148724	1.1192091904
18.88	10.3228578568	10.4		-0.106341451406	1.8971059786
18.98	10.3337774277	10.4		0.10919495672	1.3216653962
19.08	10.3438014984	10.4		0.100244559348	1.24575901218
19.18	10.3387889862	10.4		-0.0496260076761	1.50519999504
19.28	10.3314495087	10.4		-0.0733933374286	1.6049774107
19.38	10.3446960449	10.4		0.131154447794	1.21811187763
19.48	10.3548994064	10.4		0.102034628391	1.18680693809
19.58	10.3540039062	10.4		-0.00895040575415	1.37641083939
19.68	10.3540039062	10.4		0.0	1.39267482274
19.78	10.3540039062	10.4		0.0	1.41258877649
19.88	10.3540039062	10.4		0.0	1.42692682319
19.98	10.3579416275	10.4		0.0389918722212	1.35333736306
20.08	10.3457689285	10.4		-0.121725529432	1.68150605354
20.18	10.3556146622	10.4		0.0984544679523	1.29937779859
20.28	10.3656387329	10.4		0.0992520153522	1.2218968701
20.38	10.3708295822	10.4		0.051912356168	1.26774258229
20.48	10.3719034195	10.4		0.0106341466308	1.34627236901
20.58	10.3756628036	10.4		0.0375917032361	1.30744112692
20.68	10.3794221878	10.4		0.0375917032361	1.30405838034
20.78	10.3837184906	10.4		0.0425365865231	1.2908806645
20.88	10.3880147934	10.4		0.0429619476199	1.28593845357
20.98	10.3917741776	10.4		0.0375917032361	1.2931222
21.08	10.3958911896	10.4		0.0389918722212	1.29160002206
21.18	10.3996505737	10.4		0.0375917032361	1.29356206673
21.28	10.4037675858	10.4		0.0411718674004	1.28761971917
21.38	10.407705307	10.4		0.0386095941067	1.29036588205
21.48	10.411822319	10.4		0.0411718674004	1.28622774809
21.58	10.4157600403	10.4		0.0393817871809	1.28936366287
21.68	10.4162969589	10.4		0.00531707331538	1.36294506528
21.78	10.4162969589	10.4		0.0	1.3957417304
21.88	10.4162969589	10.4		0.0	1.41479695
21.98	10.4162969589	10.4		0.0	1.42851670812
22.08	10.4182662964	10.4		0.0194959361106	1.39748550552
22.18	10.4277534485	10.4		0.0939349606633	1.23150590341
22.28	10.4284696579	10.4		0.00716032506898	1.36688825707
22.38	10.4284696579	10.4		0.0	1.40040371472
22.48	10.4286489487	10.4		0.00177235761657	1.41384474558
22.58	10.4286489487	10.4		0.0	1.42965467215
22.68	10.4304389954	10.4		0.0179008115083	1.40045660287
22.78	10.4395685196	10.4		0.0903902426362	1.241296959
22.88	10.4406423569	10.4		0.010740486905	1.36170210584
22.98	10.4408216476	10.4		0.00179008126725	1.39600582716
23.08	10.4408216476	10.4		0.0	1.41681065088
23.18	10.4408216476	10.4		0.0	1.42996657275
23.28	10.444401741	10.4		0.0354471541941	1.36412181604
23.38	10.4544258118	10.4		0.0992520153522	1.21134510777
23.48	10.4597959518	10.4		0.0537024401128	1.25585224853
23.58	10.4608697891	10.403		0.0106341466308	1.33952796402
23.68	10.4648075104	10.411		0.0393817871809	1.36790489034
23.78	10.4687452316	10.426		0.0393817871809	1.47022845404
23.88	10.4744739532	10.445		0.0567154437304	1.58114906153
23.98	10.4814548492	10.47		0.069813169539	1.62846887967
24.08	10.4896888733	10.5		0.0823437348008	1.73654173167
24.18	10.4993553162	10.535		0.0957073122263	1.81145804768
24.28	10.5129594803	10.575		0.136046171188	1.83539434417
24.38	10.5271015167	10.62		0.141416430473	1.91696095062
24.48	10.5462551117	10.669		0.187783017755	2.24076688384
24.58	10.570063591	10.723		0.238080814481	2.43943299981
24.68	10.5961990356	10.782		0.258764207363	2.75311799384
24.78	10.6228713989	10.845		0.266722083092	3.14981376401
24.88	10.6536607742	10.912		0.307893961668	3.51010006081
24.98	10.6925058365	10.984		0.38460162282	3.80966586429
25.08	10.7374372482	11.059		0.449310421944	4.15913768582
25.18	10.7891702652	11.139		0.517333447933	4.44840955303
25.28	10.8471689224	11.222		0.574243843555	4.81824015791
25.38	10.911611557	11.309		0.642639160156	5.11283742479
25.48	10.9862575531	11.399		0.746463835239	5.35282891755
25.58	11.0687799454	11.493		0.817056775093	5.58601188273
25.68	11.1552410126	11.59		0.856048762798	5.91299288676
25.78	11.2501153946	11.691		0.939349472523	6.12108456695
25.88	11.3467798233	11.794		0.966643869877	6.45627321541
25.98	11.4532899857	11.901		1.06509840488	6.59621187782
26.08	11.5662441254	12.01		1.11835753918	6.8287513028
26.18	11.6863584518	12.123		1.19935441017	6.92577271707
26.28	11.8136329651	12.237		1.27095770836	7.04444662639
26.38	11.9464569092	12.355		1.31331694126	7.10613806839
26.48	12.075343132	12.475		1.28706848621	7.39593925997
26.58	12.2095994949	12.597		1.32926809788	7.51576201266
26.68	12.3488674164	12.721		1.37712192535	7.60014538476
26.78	12.4990549088	12.847		1.50008809566	7.47001772783
26.88	12.6449460983	12.976		1.44269919395	7.62705384109
26.98	12.8022937775	13.106		1.55790221691	7.48410510691
27.08	12.9519443512	13.238		1.48169112206	7.60798919469
27.18	13.1060705185	13.371		1.52422738075	7.57777961195
27.28	13.2619867325	13.506		1.54195094109	7.52152364061
27.38	13.4179029465	13.643		1.55916059017	7.4771566595
27.48	13.5727453232	13.78		1.53131699562	7.50750337461
27.58	13.7275876999	13.919		1.54842031002	7.19115469179
27.68	13.8833246231	14.059		1.55737066269	7.12538884746
27.78	14.0383453369	14.2		1.53308939934	7.11653179986
27.88	14.1931877136	14.341		1.54842031002	7.0736459713
27.98	14.3480300903	14.484		1.54663026333	7.04210666872
28.08	14.4985761642	14.626		1.4887804985	7.17914197731
28.18	14.6507329941	14.77		1.5215690136	7.10735756313
28.28	14.8028898239	14.913		1.50473153591	7.18676078298
28.38	14.9550466537	15.057		1.50473153591	7.1663334385
28.48	15.1089935303	15.201		1.53946983814	7.13530123414
28.58	15.2625827789	15.345		1.51891040802	7.15633663054
28.68	15.4163503647	15.489		1.52068281174	6.84661298792
28.78	15.5726242065	15.633		1.56095099449	6.5837498128
28.88	15.7217378616	15.776		1.4763739109	6.56316985708
28.98	15.8679876328	15.919		1.46070623398	6.45290978595
29.08	16.0124473572	16.061		1.44280552864	6.38633704116
29.18	16.1535053253	16.203		1.3966178894	6.35883302113
29.28	16.2934894562	16.343		1.39805352688	6.30194864153
29.38	16.4282817841	16.483		1.33458530903	6.32415661821
29.48	16.5654010773	16.622		1.3576259613	6.25918087477
29.58	16.7032375336	16.76		1.37836253643	6.13568233906
29.68	16.8367767334	16.896		1.32040643692	6.16277176948
29.78	16.9688854218	17.031		1.31928992271	6.09302059453
29.88	17.1013507843	17.164		1.3228700161	6.02871161647
29.98	17.2341747284	17.296		1.31331694126	5.9441844285
30.08	17.3637771606	17.426		1.29422879219	6.20557680071
30.18	17.4966011047	17.555		1.32645010948	5.8598988314
30.28	17.6288871765	17.681		1.30977237225	5.7584336349
30.38	17.7597427368	17.805		1.30854940414	5.57723995143
30.48	17.886838913	17.928		1.27095770836	5.49763904463
30.58	18.0130405426	18.047		1.24773991108	5.42307340445
30.68	18.1369132996	18.165		1.23694610596	5.24910963382
30.78	18.2552375793	18.279		1.16975593567	5.27486180451
30.88	18.3689079285	18.392		1.13491141796	5.19153691766
30.98	18.4841899872	18.501		1.15281236172	5.07790548021
31.08	18.5942802429	18.607		1.08999991417	5.01897031459
31.18	18.7029380798	18.711		1.08478927612	4.89632942809
31.28	18.807477951	18.811		1.04540741444	4.85340284004
31.38	18.910943985	18.909		1.02265036106	4.72073113205
31.48	19.0104732513	19.002		0.995285153389	4.65514940694
31.58	19.1053466797	19.093		0.946952939034	4.55084142944
31.68	19.1998634338	19.18		0.935804843903	4.45111742412
31.78	19.2920532227	19.263		0.920101761818	4.28083112325
31.88	19.3806629181	19.342		0.875544726849	4.15698756355
31.98	19.4656925201	19.417		0.848498523235	4.0023550674
32.08	19.547498703	19.489		0.818067193031	3.84141312951
32.18	19.6267986298	19.556		0.783382117748	3.69637886492
32.28	19.7018032074	19.619		0.748254001141	3.49566729015
32.38	19.7737636566	19.678		0.719612658024	3.29759177558
32.48	19.8410701752	19.732		0.664634048939	3.13942715582
32.58	19.9040813446	19.781		0.630108594894	2.9187850003
32.68	19.9617214203	19.826		0.574616074562	2.72933020386
32.78	20.0156021118	19.866		0.531707286835	2.5360506492
32.88	20.0632190704	19.901		0.471447110176	2.35278730023
32.98	20.1063594818	19.931		0.431409567595	2.13029944441
33.08	20.1437721252	19.955		0.370422780514	1.93729483446
33.18	20.1729507446	19.975		0.291783213615	1.93729483446
33.28	20.1849441528	19.989		0.116975605488	1.77125168641
33.38	20.2076778412	19.997		0.227340310812	1.93048863648
33.48	20.2228927612	20.0		0.150366812944	1.45175707244
33.58	20.2228927612	20.0		0.150366812944	1.32676800249
33.68	20.235244751	20.0		0.121093735099	0.898401767691
33.78	20.2418689728	20.0		0.0662330091	0.790041272656
33.88	20.2497444153	20.0		0.0787635743618	0.491131225022
33.98	20.2583370209	20.0		0.0850731730461	0.174265416893
34.08	20.2542190552	20.0		-0.0411718674004	0.171441745889
34.18	20.24741745	20.0		-0.0680230855942	0.0568426947501
34.28	20.2411518097	20.0		-0.0620325133204	0.0568426947501
34.38	20.2384662628	20.0		-0.0268512200564	-0.399735790843
34.48	20.2384662628	20.0		0.0	-0.702886532612
34.58	20.2286205292	20.0		-0.0984544679523	-0.721891949243
34.68	20.2014122009	20.0		-0.269398331642	-0.425713405523
34.78	20.1938934326	20.0		-0.0744390264153	-0.859229516858
34.88	20.1774253845	20.0		-0.164687469602	-0.799735866749
34.98	20.1532592773	20.0		-0.241660967469	-0.654302805318
35.08	20.1283779144	20.0		-0.246357709169	-0.588325525423
35.18	20.1174583435	20.0		-0.10919495672	-0.868555502038
35.28	20.0719909668	20.0		-0.454680621624	-0.0751409947787
35.38	20.0596389771	20.0		-0.122292682528	-0.297729299194
35.48	20.051940918	20.0		-0.076973490417	-0.372855173819
35.58	20.0415592194	20.0		-0.103824712336	-0.328407795475
35.68	20.0275974274	20.0		-0.138243898749	-0.248231366998
35.78	20.0039691925	20.0		-0.236290737987	-0.0128642592093
35.88	19.9907226562	20.0		-0.131154447794	-0.15485016943
35.98	19.9814147949	20.0		-0.0930842235684	-0.243846179493
36.08	19.9740753174	20.0		-0.0733933374286	-0.316396004723
36.18	19.9631557465	20.0		-0.108113802969	-0.275575788241
36.28	19.9479408264	20.0		-0.15215690434	-0.183955324229
36.38	19.9280700684	20.0		-0.198699012399	0.255409020405
36.48	19.9184036255	20.0		-0.0957073122263	0.260131829848
36.58	19.912317276	20.0		-0.0608627647161	0.317256427545
36.68	19.9039039612	20.0		-0.0841338261962	0.492249712281
36.78	19.9033660889	20.0		-0.00531707331538	0.449392058625
36.88	19.9031867981	20.0		-0.00179008126725	0.512788711265
36.98	19.9031867981	20.0		0.0	0.58738371774
37.08	19.9031867981	20.0		0.0	0.673439095242
37.18	19.9031867981	20.0		0.0	0.76592238867
37.28	19.9031867981	20.0		0.0	0.863033781565
37.38	19.9031867981	20.0		0.0	0.963477406076
37.48	19.9031867981	20.0		0.0	1.06632023735
37.58	19.9031867981	20.0		0.0	1.1708904975
37.68	19.9031867981	20.0		0.0	1.27670450643
37.78	19.9031867981	20.0		0.0	1.38341401448
37.88	19.9031867981	20.0		0.0	1.49076828191
37.98	19.9021129608	20.0		-0.010740486905	1.62662680048
38.08	19.8947734833	20.0		-0.0733933374286	1.90727894063
38.18	19.8858222961	20.0		-0.0868455246091	2.14390065663
38.28	19.901216507	20.0		0.153946980834	1.74085635693
38.38	19.9173278809	20.0		0.161107316613	1.64016641387
38.48	19.9363021851	20.0		0.187869921327	1.2074179123
38.58	19.9384498596	20.0		0.02148097381	1.41085060908
38.68	19.9386291504	20.0		0.00177235761657	1.44710869415
38.78	19.9425678253	20.0		0.0393817871809	1.37630002481
38.88	19.9468631744	20.0		0.0429619476199	1.35041209386
38.98	19.9504432678	20.0		0.0354471541941	1.35259848685
39.08	19.9522342682	20.0		0.0179008115083	1.38345805592
39.18	19.9533081055	20.0		0.010740486905	1.40527217575
39.28	19.9533081055	20.0		0.0	1.43829327407
39.38	19.9572467804	20.0		0.0393817871809	1.36812937114
39.48	19.9584999084	20.0		0.0125305699185	1.40903890971
39.58	19.9615421295	20.0		0.0301300808787	1.37825859331
39.68	19.966375351	20.0		0.048332195729	1.33289798432
39.78	19.9704933167	20.0		0.0407642312348	1.33163956975
39.88	19.9783687592	20.0		0.0779837444425	1.24498609485
39.98	19.9721031189	20.0		-0.0626528412104	1.51921935989
40.08	19.9812316895	20.0		0.0903902426362	1.25969783717
40.18	19.989824295	20.0		0.0859238952398	1.22051779771
40.28	19.9948368073	20.0		0.0501222796738	1.26587750269
40.38	19.9973430634	20.0		0.0248130038381	1.31959502698
40.48	20.0027141571	20.0		0.0537024401128	1.27322913562
40.58	20.0041465759	20.0		0.014320650138	1.35218946729
40.68	20.008441925	20.0		0.0425365865231	1.31030049542
40.78	20.0105895996	20.0		0.02148097381	1.35382265634
40.88	20.0132751465	20.0		0.0268512200564	1.35223932508
40.98	20.0168552399	20.0		0.0354471541941	1.3393618591
41.08	20.0202560425	20.0		0.0340115427971	1.33951766605
41.18	20.0236568451	20.0		0.0336747914553	1.33872029916
41.28	20.0268783569	20.0		0.0322214588523	1.34244532459
41.38	20.0234775543	20.0		-0.0340115427971	1.48534428421
41.48	20.0322494507	20.0		0.0868455246091	1.26808112285
41.58	20.0369033813	20.0		0.0465421117842	1.30747083088
41.68	20.0377979279	20.0		0.00895040575415	1.38124822343
41.78	20.0381565094	20.0		0.00350996316411	1.41055661438
41.88	20.0383358002	20.0		0.00179008126725	1.43140983322
41.98	20.0412006378	20.0		0.0286413002759	1.38649097671
42.08	20.0422744751	20.0		0.0105298878625	1.41746895187
42.18	20.044960022	20.0		0.0268512200564	1.38895687666
42.28	20.0403060913	20.0		-0.0465421117842	1.54221275937
42.38	20.0503311157	20.0		0.0992520153522	1.27152187663
42.48	20.0519428253	20.0		0.0161107294261	1.38745962478
42.58	20.0542697906	20.0		0.0230406485498	1.38050799394
42.68	20.0506896973	20.0		-0.0358016230166	1.50885780882
42.78	20.0591030121	20.0		0.0841338261962	1.28961664587
42.88	20.0603561401	20.0		0.012406501919	1.39551127911
42.98	20.0625038147	20.0		0.02148097381	1.38696400576
43.08	20.0598182678	20.0		-0.0265853628516	1.4923372491
43.18	20.0644721985	20.0		0.0460812970996	1.36740866425
43.28	20.0671577454	20.0		0.0268512200564	1.38476161046
43.38	20.0710964203	20.0		0.0393817871809	1.04540681492
43.48	20.0682315826	20.0		-0.0283577218652	1.35683335918
43.58	20.0659046173	19.999		-0.0232710558921	1.39505865418
43.68	20.0598182678	19.997		-0.0608627647161	1.48627371873
43.78	20.0696640015	19.994		0.0974796637893	0.856695755014
43.88	20.0712757111	19.989		0.0161107294261	0.790175505275
43.98	20.0714550018	19.983		0.00177235761657	0.629075281831
44.08	20.0714550018	19.976		0.0	0.471695089358
44.18	20.0718135834	19.968		0.00358016253449	0.283386492436
44.28	20.0730667114	19.958		0.012406501919	0.0699791444507
44.38	20.0736045837	19.947		0.00537024345249	0.0699791444507
44.48	20.0737838745	19.935		0.00179008126725	0.0699791444507
44.58	20.0737838745	19.921		0.0	-0.342888579708
44.68	20.0739631653	19.906		0.00179008126725	-0.992617860243
44.78	20.0395927429	19.89		-0.343695580959	-0.335022894749
44.88	20.0263462067	19.873		-0.131154447794	-0.765019929673
44.98	20.01471138	19.855		-0.116355285048	-0.989235754619
45.08	20.0000324249	19.835		-0.145333334804	-1.13105231005
45.18	19.9801616669	19.814		-0.196908935905	-1.21972026313
45.28	19.9522361755	19.792		-0.279252678156	-1.16094215525
45.38	19.9185829163	19.769		-0.33320325613	-1.09682742907
45.48	19.8863620758	19.745		-0.322214633226	-1.14389857908
45.58	19.8489494324	19.719		-0.37412700057	-1.06284181859
45.68	19.8093891144	19.693		-0.391691058874	-1.03596943896
45.78	19.7741241455	19.665		-0.350855916739	-1.0969061199
45.88	19.7436923981	19.636		-0.30431380868	-1.28750387322
45.98	19.7069950104	19.606		-0.363333314657	-1.23717983236
46.08	19.6754894257	19.575		-0.313264220953	-1.09676528034
46.18	19.6513233185	19.543		-0.241660967469	-1.55370417941
46.28	19.6158790588	19.51		-0.34748634696	-1.49408779161
46.38	19.5858058929	19.475		-0.298943579197	-1.69453148592
46.48	19.5507202148	19.44		-0.347382098436	-1.74439003628
46.58	19.5124130249	19.403		-0.383077383041	-1.72057033571
46.68	19.4703464508	19.366		-0.420669078827	-1.4246774015
46.78	19.4291744232	19.327		-0.405869871378	-1.35512698648
46.88	19.3885402679	19.287		-0.406348437071	-1.3446797897
46.98	19.3488006592	19.247		-0.393463432789	-1.34950905855
47.08	19.30727005	19.205		-0.409414619207	-1.29721243385
47.18	19.265203476	19.162		-0.416504055262	-1.305922705
47.28	19.2243900299	19.118		-0.408138513565	-1.32322664803
47.38	19.1857242584	19.073		-0.382829248905	-1.39181555519
47.48	19.1479530334	19.028		-0.373967438936	-1.77187373597
47.58	19.1103610992	18.981		-0.370422780514	-1.96458190031
47.68	19.0699043274	18.933		-0.404558360577	-2.12035008891
47.78	19.0256900787	18.885		-0.442150056362	-2.20544136095
47.88	18.9764633179	18.835		-0.487398326397	-2.20898329882
47.98	18.9261627197	18.785		-0.501222729683	-2.30285081658
48.08	18.8697757721	18.733		-0.563875555992	-2.21727140846
48.18	18.8158950806	18.681		-0.528249502182	-2.36605074099
48.28	18.7595081329	18.627		-0.563875555992	-2.34164817725
48.38	18.7018680573	18.573		-0.576406180859	-2.39757313437
48.48	18.642616272	18.518		-0.584877967834	-2.40065859789
48.58	18.5806789398	18.462		-0.619368195534	-2.40065859789
48.68	18.5180263519	18.405		-0.624738335609	-2.01145418957
48.78	18.4517936707	18.347		-0.655772328377	-2.01145418957
48.88	18.3862762451	18.289		-0.655169725418	-1.89933099763
48.98	18.3212966919	18.229		-0.643365859985	-1.8553712537
49.08	18.3212966919	18.169		-0.643365859985	-3.58227602136
49.18	18.2466506958	18.108		-0.746463835239	-2.00295633113
49.28	18.1689605713	18.046		-0.76920324564	-1.95934081509
49.38	18.0894813538	17.983		-0.785154402256	-1.81492284805
49.48	18.0121498108	17.919		-0.771525025368	-1.75894664569
49.58	17.9321327209	17.855		-0.80016630888	-1.65823876983
49.68	17.8567695618	17.79		-0.74616253376	-1.70509256778
49.78	17.783197403	17.724		-0.728438913822	-1.7555816336
49.88	17.7085514069	17.657		-0.746463835239	-1.74344130392
49.98	17.6346206665	17.59		-0.730211377144	-1.79068107396
50.08	17.5628376007	17.521		-0.708943068981	-1.83912206721
50.18	17.4906978607	17.452		-0.714260101318	-1.89455883013
50.28	17.4174842834	17.383		-0.732143223286	-1.86462666918
50.38	17.3444480896	17.312		-0.728563010693	-1.87266998285
50.48	17.2717704773	17.241		-0.71957719326	-1.939252842
50.58	17.199092865	17.169		-0.724982976913	-1.93183420969
50.68	17.1267738342	17.096		-0.723192811012	-1.96530615563
50.78	17.0580348969	17.023		-0.680585384369	-2.07750951716
50.88	16.9846420288	16.949		-0.733933329582	-1.99872995131
50.98	16.9112491608	16.874		-0.733933329582	-2.01428988438
51.08	16.8400039673	16.799		-0.696727752686	-2.10500759476
51.18	16.7639255524	16.723		-0.760784506798	-1.99280571696
51.28	16.6876678467	16.646		-0.762574613094	-1.98964474633
51.38	16.6117687225	16.569		-0.744112253189	-2.03166673616
51.48	16.5369434357	16.491		-0.746463835239	-2.02674392585
51.58	16.4547786713	16.413		-0.813512086868	-1.91290241207
51.68	16.3752994537	16.334		-0.793005943298	-1.91342218623
51.78	16.297252655	16.254		-0.780475497246	-1.94867611768
51.88	16.217414856	16.173		-0.790471494198	-1.94633882834
51.98	16.1345348358	16.092		-0.8270175457	-1.88583596986
52.08	16.0552349091	16.011		-0.793005943298	-1.92838009713
52.18	15.9734277725	15.929		-0.809967458248	-1.89923647817
52.28	15.8885774612	15.846		-0.840097546577	-1.85445328964
52.38	15.8053388596	15.763		-0.832387804985	-1.8679507213
52.48	15.7247848511	15.679		-0.79578858614	-1.92921787639
52.58	15.6376075745	15.595		-0.869979441166	-1.81880771644
52.68	15.5491771698	15.51		-0.884300112724	-1.75570709351
52.78	15.4637899399	15.425		-0.84541451931	-1.8275873847
52.88	15.3775081635	15.339		-0.862819135189	-1.79088974367
52.98	15.2906894684	15.253		-0.859593391418	-1.81237736176
53.08	15.2001113892	15.166		-0.903991103172	-1.71768767256
53.18	15.1138296127	15.079		-0.861029028893	-1.80039150582
53.28	15.0262947083	14.991		-0.866682887077	-1.79243100652
53.38	14.9367904663	14.903		-0.893250524998	-1.76572314808
53.48	14.8512248993	14.814		-0.853868722916	-1.82886285896
53.58	14.7590360641	14.725		-0.912764191628	-1.74825791799
53.68	14.6718587875	14.635		-0.871769607067	-1.80466380452
53.78	14.5821752548	14.545		-0.896830677986	-1.78625946358
53.88	14.4908809662	14.455		-0.903902411461	-1.76152757764
53.98	14.4024505615	14.364		-0.884300112724	-1.794022423
54.08	14.3106193542	14.273		-0.900305688381	-1.79055115951
54.18	14.2252321243	14.181		-0.853868722916	-1.87600572114
54.28	14.1307153702	14.089		-0.943372786045	-1.74508588709
54.38	14.038526535	13.997		-0.91099178791	-1.77242835087
54.48	13.9459791183	13.904		-0.923681914806	-1.74266528804
54.58	13.8532533646	13.811		-0.925472080708	-1.75277175399
54.68	13.759095192	13.718		-0.921365320683	-1.7502771743
54.78	13.662610054	13.624		-0.96485376358	-1.6605267972
54.88	13.5650510788	13.53		-0.975594222546	-1.63367623474
54.98	13.4676704407	13.436		-0.962390184402	-1.63309119106
55.08	13.3672466278	13.341		-1.00423550606	-1.54053177344
55.18	13.2646751404	13.246		-1.01378846169	-1.18139451962
55.28	13.1740970612	13.151		-0.905781149864	-1.24531320383
55.38	13.0761795044	13.055		-0.977384328842	-1.01872977552
55.48	12.9773674011	12.959		-0.978341460228	-0.904547654065
55.58	12.8762273788	12.863		-1.01139593124	-0.696915727121
55.68	12.7797422409	12.767		-0.963063716888	-0.65744950015
55.78	12.6848678589	12.67		-0.930140376091	-0.633011865619
55.88	12.5919628143	12.573		-0.927262127399	-0.605917494787
55.98	12.5060386658	12.476		-0.857448935509	-1.01476961372
56.08	12.4226207733	12.379		-0.817821443081	-1.20700619293
56.18	12.3365182877	12.281		-0.861029028893	-1.22485345647
56.28	12.2522058487	12.183		-0.84312826395	-1.33345868632
56.38	12.1696834564	12.085		-0.815284490585	-1.43438958097
56.48	12.091635704	11.987		-0.780475497246	-1.55820732412
56.58	12.0103664398	11.889		-0.804650425911	-1.5664375033
56.68	11.9310655594	11.791		-0.791215956211	-1.62231185307
56.78	11.8519439697	11.692		-0.789425849915	-1.65458810292
56.88	11.775686264	11.593		-0.755024373531	-2.13318510052
56.98	11.6933422089	11.494		-0.821647286415	-2.25436015253
57.08	11.6093873978	11.395		-0.837758004665	-2.44164387993
57.18	11.5279388428	11.296		-0.806422770023	-2.74548774859
57.28	11.4361076355	11.197		-0.909219503403	-2.77163054625
57.38	11.3432025909	11.097		-0.927262127399	-2.90110868483
57.48	11.2485074997	10.998		-0.935804843903	-3.07639952017
57.58	11.1498737335	10.898		-0.98633480072	-3.10682239321
57.68	11.0467653275	10.798		-1.02087807655	-3.18094990829
57.78	10.9458045959	10.699		-1.00960576534	-3.31063366679
57.88	10.837146759	10.599		-1.08657932281	-3.22721697539
57.98	10.7258033752	10.499		-1.10063397884	-3.25700344556
58.08	10.6124916077	10.399		-1.13133144379	-3.20477460182
58.18	10.4943466187	10.299		-1.17966353893	-3.07906872961
58.28	10.3758430481	10.199		-1.1733007431	-3.02388207827
58.38	10.2553701401	10.099		-1.20293450356	-2.63740015863
58.48	10.1354351044	9.999		-1.19935441017	-2.51589320937
58.58	10.0146045685	9.899		-1.19456899166	-2.43297262551
58.68	9.89466953278	9.799		-1.19935441017	-2.36204850747
58.78	9.77813529968	9.699		-1.1635529995	-2.38345222433
58.88	9.6624956131	9.599		-1.1449431181	-2.4073093113
58.98	9.54900455475	9.499		-1.13312149048	-2.43240260955
59.08	9.44106292725	9.399		-1.06873166561	-2.56764535411
59.18	9.33347892761	9.3		-1.07404875755	-2.60138747531
59.28	9.22500038147	9.2		-1.08299911022	-2.26330477505
59.38	9.11598396301	9.1		-1.07759332657	-2.13649564597
59.48	9.01233863831	9.001		-1.03645706177	-2.07276792915
59.58	8.90976715088	8.901		-1.0257165432	-1.95868681012
59.68	8.81471347809	8.802		-0.941121935844	-2.07768464694
59.78	8.71930217743	8.702		-0.944666683674	-2.01618242376
59.88	8.62639713287	8.603		-0.929052114487	-2.05212259651
59.98	8.53832530975	8.504		-0.871999979019	-2.4296503084
60.08	8.45329666138	8.405		-0.850288629532	-2.59779885907
60.18	8.36450862885	8.306		-0.879089355469	-2.63742592308
60.28	8.27697372437	8.208		-0.873559653759	-2.7008420419
60.38	8.18782806396	8.109		-0.882634043694	-2.70155203291
60.48	8.0967130661	8.011		-0.902130007744	-2.71254788162
60.58	8.00649261475	7.913		-0.900410830975	-2.69557092095
60.68	7.91358757019	7.815		-0.91808116436	-2.66797994638
60.78	7.81817626953	7.717		-0.944666683674	-2.60512182012
60.88	7.72652387619	7.62		-0.916521608829	-2.63918675794
60.98	7.63343954086	7.522		-0.930842280388	-2.58922331602
61.08	7.54089212418	7.425		-0.916308879852	-2.63654302005
61.18	7.44834470749	7.328		-0.925472080708	-2.5945944821
61.28	7.35687160492	7.232		-0.912941455841	-2.61886772609
61.38	7.26700973511	7.135		-0.887951135635	-2.65013947983
61.48	7.17732667923	7.039		-0.896830677986	-2.67435249328
61.58	7.08728551865	6.943		-0.89149582386	-2.66644518418
61.68	6.99957132339	6.848		-0.875349700451	-2.71060635103
61.78	6.91293144226	6.752		-0.866399347782	-2.72050854315
61.88	6.8291554451	6.657		-0.827690958977	-3.17298467662
61.98	6.74627447128	6.563		-0.828807651997	-3.37163404781
62.08	6.66160345078	6.468		-0.846708416939	-3.5313601385
62.18	6.57603740692	6.374		-0.847186923027	-3.75318929808
62.28	6.49172449112	6.28		-0.841338157654	-3.94293293479
62.38	6.40454769135	6.187		-0.869979441166	-4.08981615186
62.48	6.31235837936	6.094		-0.912764191628	-4.13515634883
62.58	6.21981096268	6.001		-0.923681914806	-4.24465626646
62.68	6.12439966202	5.909		-0.942894220352	-4.3156425672
62.78	6.02254390717	5.817		-1.01855623722	-4.21235670665
62.88	5.91764497757	5.725		-1.04898750782	-4.15489584772
62.98	5.81149291992	5.634		-1.05100810528	-4.15489584772
63.08	5.70498323441	5.543		-1.06509840488	-4.11833164716
63.18	5.59167098999	5.453		-1.13133144379	-4.02924299345
63.28	5.59167098999	5.363		-1.13133144379	-3.60204605731
63.38	5.4828338623	5.274		-1.07582116127	-6.09283801547
63.48	5.37095355988	5.184		-1.11701071262	-3.79416734268
63.58	5.26265382767	5.096		-1.08120906353	-4.30894236088
63.68	5.15363788605	5.008		-1.07936573029	-3.93981417399
63.78	5.04193687439	4.92		-1.11522054672	-3.7692055988
63.88	4.93435287476	4.833		-1.07583892345	-3.74620262824
63.98	4.82533693314	4.746		-1.07759332657	-3.67044774533
64.08	4.7199010849	4.659		-1.05435788631	-3.68409541988
64.18	4.6150021553	4.574		-1.03682935238	-3.70371407837
64.28	4.51350450516	4.488		-1.01497602463	-3.70251932288
64.38	4.4112906456	4.404		-1.02034628391	-3.39807884965
64.48	4.31158304214	4.319		-0.985430836678	-3.21603898301
64.58	4.21133852005	4.236		-1.00244545937	-3.01072972967
64.68	4.11431598663	4.152		-0.968433916569	-2.80476072661
64.78	4.01997852325	4.07		-0.934032440186	-2.7004924783
64.88	3.92510414124	3.988		-0.939349472523	-2.43294523083
64.98	3.83864331245	3.906		-0.86460930109	-2.3930867939
65.08	3.75415158272	3.825		-0.836552739143	-2.29665318939
65.18	3.6755669117	3.745		-0.784055531025	-2.25850661849
65.28	3.60288953781	3.665		-0.717804789543	-2.29517649718
65.38	3.53218126297	3.586		-0.707082033157	-2.2851222088
65.48	3.46594834328	3.507		-0.662330031395	-2.33441682822
65.58	3.40472745895	3.43		-0.606146335602	-2.48448175961
65.68	3.34475970268	3.352		-0.597887158394	-2.5242712675
65.78	3.28497099876	3.276		-0.590195119381	-2.93787295877
65.88	3.2232131958	3.2		-0.611463308334	-2.97702306302
65.98	3.15930724144	3.124		-0.637268900871	-3.01128015618
66.08	3.09164214134	3.05		-0.674860596657	-2.9725649194
66.18	3.02397704124	2.976		-0.669951200485	-2.9429663096
66.28	2.95720696449	2.902		-0.667700350285	-2.95878617214
66.38	2.8898999691	2.83		-0.67307060957	-2.95026192643
66.48	2.82259297371	2.758		-0.66640651226	-2.91785318513
66.58	2.75582289696	2.687		-0.667700350285	-2.92170096358
66.68	2.68905282021	2.616		-0.659317016602	-2.91428728174
66.78	2.62085080147	2.546		-0.682020962238	-2.87260315546
66.88	2.55139565468	2.477		-0.694551587105	-2.80943797021
66.98	2.48247742653	2.409		-0.682357609272	-2.79806072574
67.08	2.41373825073	2.342		-0.678812980652	-2.77699750081
67.18	2.3433880806	2.275		-0.703501939774	-2.70022206072
67.28	2.27554392815	2.209		-0.669951200485	-2.75102647434
67.38	2.2076997757	2.144		-0.678440749645	-2.71529014626
67.48	2.13806557655	2.079		-0.696341633797	-2.65577945269
67.58	2.06968450546	2.016		-0.677040636539	-2.68220420329
67.68	2.00398850441	1.953		-0.655169725418	-2.68101477447
67.78	1.93757653236	1.891		-0.657544672489	-2.69226730745
67.88	1.86937439442	1.83		-0.675268232822	-2.63765914947
67.98	1.80314135551	1.77		-0.662330031395	-2.63597148597
68.08	1.73816144466	1.71		-0.643365859985	-2.65477040646
68.18	1.67264449596	1.652		-0.653379619122	-2.64596430331
68.28	1.60444235802	1.594		-0.680230855942	-2.54392988842
68.38	1.53570318222	1.537		-0.680585384369	-2.52919696818
68.48	1.46839618683	1.481		-0.67307060957	-2.50546645382
68.58	1.40162611008	1.426		-0.667700350285	-2.14433422314
68.68	1.33664619923	1.372		-0.641593456268	-1.98440635793
68.78	1.27256131172	1.318		-0.640849113464	-1.78556659488
68.88	1.21116149426	1.266		-0.60791862011	-1.67437596618
68.98	1.15423691273	1.215		-0.561837315559	-1.56914810068
69.08	1.10268259048	1.164		-0.515543341637	-1.53625135825
69.18	1.05184423923	1.114		-0.50157725811	-1.47687453433
69.28	1.00440704823	1.066		-0.472581475973	-1.42917750377
69.38	0.959834039211	1.018		-0.445730239153	-1.37888957699
69.48	0.936025977135	0.971		-0.235723555088	-1.8584757332
69.58	0.877669334412	0.926		-0.583566427231	-1.14623603856
69.68	0.845626890659	0.881		-0.320424556732	-1.51064073213
69.78	0.80893021822	0.837		-0.363333314657	-1.47190553303
69.88	0.774739682674	0.795		-0.341905534267	-1.7735641767
69.98	0.738401055336	0.753		-0.363386511803	-1.78583909446
70.08	0.708864688873	0.712		-0.289571970701	-2.00040575221
70.18	0.670019924641	0.672		-0.386657565832	-1.85549464016
70.28	0.629206061363	0.634		-0.404097557068	-1.79800621428
70.38	0.588213205338	0.596		-0.409928590059	-1.72885507213
70.48	0.546862304211	0.56		-0.411718666553	-1.71359295458
70.58	0.505690455437	0.524		-0.407642245293	-1.65984859813
70.68	0.465413630009	0.49		-0.402768284082	-1.66543998466
70.78	0.426210850477	0.457		-0.388146311045	-1.64356617598
70.88	0.387187063694	0.424		-0.386373996735	-1.32917009152
70.98	0.349774360657	0.393		-0.37412700057	-1.21016057136
71.08	0.321491062641	0.363		-0.282832860947	-1.24827910362
71.18	0.291238695383	0.334		-0.299528449774	-1.14785474617
71.28	0.263313412666	0.307		-0.279252678156	-1.10501286083
71.38	0.233419060707	0.28		-0.298943579197	-0.945953138288
71.48	0.20585180819	0.255		-0.270267158747	-0.925457494508
71.58	0.18293876946	0.23		-0.229130402207	-0.904109893259
71.68	0.15984672308	0.207		-0.228634148836	-0.872218088029
71.78	0.14660012722	0.185		-0.1324660182	-1.28188153627
71.88	0.134606584907	0.164		-0.119935445487	-1.41742848243
71.98	0.114736683667	0.145		-0.196731716394	-1.32840470852
72.08	0.0868114158511	0.126		-0.279252678156	-1.12973570156
72.18	0.0572750717402	0.109		-0.293573349714	-1.06190287807
72.28	0.0248746015131	0.093		-0.320796728134	-0.551334718843
72.38	-0.00126058608294	0.079		-0.258764207363	-0.418746151915
72.48	-0.00859992019832	0.065		-0.0733933374286	-0.642401214312
72.58	-0.0399263426661	0.053		-0.310162574053	-0.0542577687881
72.68	-0.0531729459763	0.042		-0.1324660182	-0.158498942403
72.78	-0.0619443431497	0.032		-0.0868455246091	-0.161891109658
72.88	-0.0707157403231	0.024		-0.0877139791846	-0.0781672767596
72.98	-0.0825302749872	0.016		-0.118145368993	0.127049084675
73.08	-0.0866474658251	0.011		-0.0407642312348	0.0591177109563
73.18	-0.0868264734745	0.006		-0.00179008126725	0.0885969354261
73.28	-0.0871844887733	0.003		-0.00358016253449	0.110733823706
73.38	-0.087900519371	0.001		-0.00708943046629	0.216773525221
73.48	-0.0880795270205	0.001		-0.00177235761657	0.287902812846
