%1-Time(seg)	2-Pos_Encoder	3-x_ref	4-Velo_Encoder(m/s)	5-Torque(N.m)
3.45	0.0	0.0		0.0	0.0
3.45	0.0	0.0		0.0	0.0
3.55	0.0	0.003		0.0	0.0
3.65	0.0	0.011		0.0	0.0
3.75	0.0	0.026		0.0	0.0
3.85	0.0	0.045		0.0	0.0
3.95	0.0	0.07		0.0	0.6777485
4.05	-0.00304313818924	0.1		-0.0304313823581	1.054232575
4.15	-0.00304313818924	0.135		-0.0304313823581	1.67587965875
4.25	0.0112775117159	0.176		0.141788616776	2.88411159644
4.35	0.0508383065462	0.221		0.254191547632	2.3215487184
4.45	0.0508383065462	0.27		0.254191547632	2.84036167328
4.55	0.08932505548	0.325		0.384867459536	4.42462475298
4.65	0.144101545215	0.384		0.542341411114	4.37878513884
4.75	0.214093714952	0.447		0.69299185276	4.29440956248
4.85	0.300554633141	0.515		0.86460930109	4.03311030311
4.95	0.3966819942	0.587		0.9594835639	3.7862646364
5.05	0.495494484901	0.663		0.978341460228	3.63368658638
5.15	0.599140167236	0.744		1.03466689587	3.40429996387
5.25	0.702427864075	0.828		1.03108668327	3.29731948374
5.35	0.800703346729	0.915		0.973024368286	3.29560101768
5.45	0.903812050819	1.007		1.02929675579	3.17398445796
5.55	0.998865365982	1.102		0.94874304533	3.12656925608
5.65	1.09517168999	1.2		0.953528344631	3.29807616524
5.75	1.18807697296	1.302		0.927262127399	3.68806127436
5.85	1.28295123577	1.407		0.939349472523	3.85043432346
5.95	1.37872064114	1.515		0.955903410912	4.05879669556
6.05	1.47807013988	1.626		0.991705000401	4.263879763
6.15	1.58082079887	1.74		1.01733326912	4.45250789335
6.25	1.68894171715	1.857		1.06873166561	4.60898405201
6.35	1.79956877232	1.976		1.10627019405	4.7934463234
6.45	1.91699814796	2.098		1.16089427471	4.89362534553
6.55	2.03818655014	2.222		1.1981137991	5.00239865549
6.65	2.16510343552	2.349		1.26916742325	5.02953364497
6.75	2.29792737961	2.478		1.31331694126	5.00815864024
6.85	2.43630075455	2.609		1.38194262981	4.93195413811
6.95	2.57771706581	2.742		1.3983900547	4.82044761215
7.05	2.72074460983	2.877		1.41434144974	4.74063292547
7.15	2.86233997345	3.014		1.41595435143	4.74949731646
7.25	3.00393533707	3.152		1.38643538952	4.48614504241
7.35	3.14893198013	3.292		1.44817578793	4.63060526908
7.45	3.29106450081	3.433		1.42132461071	4.69561237109
7.55	3.43337607384	3.576		1.4090243578	4.72486556699
7.65	3.57353949547	3.72		1.40163362026	4.73802950515
7.75	3.71620893478	3.865		1.42669475079	4.74395327732
7.85	3.8599524498	4.011		1.4232032299	4.74661897479
7.95	4.0051279068	4.158		1.44996595383	4.74781853866
8.05	4.15137767792	4.305		1.46070623398	4.7483583424
8.15	4.29744815826	4.454		1.44447147846	4.74860125408
8.25	4.44924688339	4.602		1.51798892021	4.74871056434
8.35	4.59746551514	4.752		1.46573984623	4.74875975395
8.45	4.74389410019	4.901		1.46428644657	4.74878188928
8.55	4.89032268524	5.051		1.46249628067	5.03553160018
8.65	5.03406620026	5.201		1.40925037861	5.14168072008
8.75	5.17637777328	5.351		1.42311453819	5.31374232404
8.85	5.32101631165	5.501		1.44459557533	5.41205629582
8.95	5.46887683868	5.651		1.4478597641	5.45773583312
9.05	5.6172747612	5.8		1.48218727112	5.5347876249
9.15	5.7603020668	5.949		1.42848479748	5.73268993121
9.25	5.90887880325	6.097		1.45487976074	5.76583846904
9.35	6.05906677246	6.245		1.50008809566	5.77790081107
9.45	6.2090754509	6.392		1.48346340656	5.81307286498
9.55	6.36463356018	6.538		1.5537904501	5.67370953924
9.65	6.51804351807	6.683		1.51713824272	5.61957054266
9.75	6.66876840591	6.827		1.49232506752	5.5861632442
9.85	6.81627130508	6.969		1.47323691845	5.61536370989
9.95	6.96323680878	7.111		1.46786665916	5.40790991945
10.05	7.10698032379	7.25		1.4232032299	5.50739946375
10.15	7.24660682678	7.389		1.39447331429	5.55216975869
10.25	7.3882021904	7.525		1.41416406631	5.57231639141
10.35	7.52514362335	7.66		1.3558536768	5.58138237613
10.45	7.6592206955	7.793		1.33898067474	5.58546206926
10.55	7.78989648819	7.924		1.29382109642	5.58729793117
10.65	7.92182540894	8.053		1.31749975681	5.58812406903
10.75	8.05518627167	8.18		1.33361053467	5.58849583106
10.85	8.19159030914	8.304		1.34876406193	5.27585612398
10.95	8.3247718811	8.426		1.33003032207	5.09615400579
11.05	8.45813274384	8.545		1.33182048798	4.86045755261
11.15	8.58719730377	8.662		1.27609753609	4.64714139867
11.25	8.70999717712	8.776		1.22799575329	4.5183141294
11.35	8.82868003845	8.887		1.18503379822	4.37605710823
11.45	8.94199180603	8.995		1.12190246582	4.2822671987
11.55	9.04957580566	9.1		1.07583892345	4.20736423942
11.65	9.15590667725	9.202		1.06151819229	4.07983065774
11.75	9.25489807129	9.3		0.978341460228	4.04918154598
11.85	9.34869861603	9.395		0.93800252676	4.02176869569
11.95	9.43856048584	9.486		0.889723539352	4.00927616306
12.05	9.5246629715	9.574		0.861029028893	3.99212652338
12.15	9.60485839844	9.658		0.794016122818	4.05724293552
12.25	9.68523311615	9.738		0.79578858614	4.01237232098
12.35	9.76077461243	9.814		0.755414247513	3.99306054444
12.45	9.83864307404	9.886		0.770975470543	3.833774745
12.55	9.91400527954	9.954		0.744390249252	3.68815688525
12.65	9.98936748505	10.017		0.751834154129	3.45825584836
12.75	10.0586433411	10.076		0.685902357101	3.25192838176
12.85	10.1243391037	10.13		0.65045517683	3.07365227179
12.95	10.1855602264	10.18		0.610417664051	2.83094152231
13.05	10.2399787903	10.225		0.538796663284	2.68871068504
13.15	10.2881317139	10.265		0.481531858444	2.54271005827
13.25	10.330198288	10.3		0.420669078827	2.39985302622
13.35	10.3615245819	10.33		0.310162574053	2.3687516118
13.45	10.3985795975	10.355		0.37054681778	2.04330747531
13.55	10.4157648087	10.375		0.17184779048	2.14310636389
13.65	10.4440479279	10.389		0.280032515526	1.76407586375
13.75	10.4521036148	10.397		0.0805536583066	1.80515763869
13.85	10.4649925232	10.4		0.128885835409	1.51050468741
13.95	10.4845046997	10.4		0.193186998367	0.938647859334
14.05	10.4895172119	10.4		0.0501222796738	0.7442872867
14.15	10.4947080612	10.4		0.051912356168	0.503265029015
14.25	10.499004364	10.4		0.0425365865231	0.261152263057
14.35	10.5025844574	10.4		0.0358016230166	0.261152263057
14.45	10.5056276321	10.4		0.0301300808787	0.261152263057
14.55	10.5058069229	10.4		0.00179008126725	-0.450572660029
14.65	10.5092077255	10.4		0.0340115427971	-0.745951447013
14.75	10.4773445129	10.4		-0.315479636192	-0.126414151156
14.85	10.4587278366	10.4		-0.186168447137	-0.0342758680201
14.95	10.4479875565	10.4		-0.107404880226	-0.0943243906091
15.05	10.4120073318	10.4		-0.356243908405	0.565095024226
15.15	10.3950014114	10.4		-0.170057713985	0.528731760902
15.25	10.388915062	10.4		-0.0608627647161	0.588733042406
15.35	10.3822917938	10.4		-0.0638048797846	0.618912619083
15.45	10.3803224564	10.4		-0.0196908935905	0.584085178587
15.55	10.3803224564	10.4		0.0	0.557990330364
15.65	10.3803224564	10.4		0.0	0.570887648664
15.75	10.3803224564	10.4		0.0	0.601331441899
15.85	10.3803224564	10.4		0.0	0.639671148854
15.95	10.3803224564	10.4		0.0	0.681564016984
16.05	10.3803224564	10.4		0.0	0.725055807643
16.15	10.3801431656	10.4		-0.00177235761657	0.769267113439
16.25	10.3776369095	10.4		-0.0250611398369	0.865936701048
16.35	10.3701181412	10.4		-0.0751834064722	1.11001751547
16.45	10.3624210358	10.4		-0.0754642114043	1.32510188196
16.55	10.3561553955	10.4		-0.0626528412104	1.48485934688
16.65	10.3486366272	10.4		-0.0751834064722	1.6882414561
16.75	10.3622407913	10.4		0.134699165821	1.38100240524
16.85	10.3772773743	10.4		0.150366812944	1.12645833236
16.95	10.3941040039	10.4		0.168267652392	0.703671499562
17.05	10.4012641907	10.4		0.0708943083882	0.916636174803
17.15	10.4084243774	10.4		0.0716032460332	1.01247027866
17.25	10.4173746109	10.4		0.0886178836226	0.612452375398
17.35	10.4265041351	10.4		0.0903902426362	0.448859068929
17.45	10.432053566	10.4		0.0554925203323	0.386954331018
17.55	10.4336643219	10.4		0.0159512199461	0.355194948958
17.65	10.4336643219	10.4		0.0	0.334077727031
17.75	10.4336643219	10.4		0.0	0.282686977164
17.85	10.4336643219	10.4		0.0	0.217673139724
17.95	10.4338436127	10.4		0.00179008126725	0.146528912876
18.05	10.4340229034	10.4		0.00179008126725	0.0726260107941
18.15	10.4340229034	10.4		0.0	0.0726260107941
18.25	10.4340229034	10.4		0.0	0.0726260107941
18.35	10.4342021942	10.4		0.00175498158205	-0.154175554766
18.45	10.4247150421	10.4		-0.0948743075132	0.00436225035513
18.55	10.4105730057	10.4		-0.141416430473	0.25206451266
18.65	10.4105730057	10.4		0.0	0.25206451266
18.75	10.4105730057	10.4		0.0	0.104541030697
18.85	10.4105730057	10.4		0.0	0.0246034638136
18.95	10.4103937149	10.4		-0.00177235761657	0.0246034638136
19.05	10.4082460403	10.4		-0.02148097381	0.225981551422
19.15	10.4082460403	10.4		-0.02148097381	0.14604369814
19.25	10.4082460403	10.4		0.0	0.110071664163
19.35	10.4082460403	10.4		0.0	0.0938842488734
19.45	10.4082460403	10.4		0.0	0.086599911993
19.55	10.4082460403	10.4		0.0	0.0833219603969
19.65	10.4082460403	10.4		0.0	0.0818468821786
19.75	10.4082460403	10.4		0.0	0.0811830969804
19.85	10.4082460403	10.4		0.0	0.0808843936412
19.95	10.4082460403	10.4		0.0	0.0807499771386
20.05	10.4082460403	10.4		0.0	0.0806894897124
20.15	10.4082460403	10.4		0.0	0.0806622703706
20.25	10.4082460403	10.4		0.0	0.0806500216668
20.35	10.4082460403	10.4		0.0	0.0806445097501
20.45	10.4082460403	10.4		0.0	0.0806420293875
20.55	10.4082460403	10.4		0.0	0.0806409132244
20.65	10.4082460403	10.4		0.0	0.080640410951
20.75	10.4082460403	10.4		0.0	0.080640184928
20.85	10.4082460403	10.4		0.0	0.0806400832176
20.95	10.4082460403	10.4		0.0	0.0806400374479
21.05	10.4082460403	10.4		0.0	0.0806400168516
21.15	10.4082460403	10.4		0.0	0.0806400075832
21.25	10.4082460403	10.4		0.0	0.0806400034125
21.35	10.4082460403	10.4		0.0	0.0806400015356
21.45	10.4082460403	10.4		0.0	0.080640000691
21.55	10.4082460403	10.4		0.0	0.080640000311
21.65	10.4082460403	10.4		0.0	0.08064000014
21.75	10.4082460403	10.4		0.0	0.080640000063
21.85	10.4082460403	10.4		0.0	0.0806400000284
21.95	10.4082460403	10.4		0.0	0.0806400000128
22.05	10.4082460403	10.4		0.0	0.0806400000058
22.15	10.4082460403	10.4		0.0	0.0806400000026
22.25	10.4082460403	10.4		0.0	0.0806400000012
22.35	10.4082460403	10.4		0.0	0.0806400000006
22.45	10.4082460403	10.4		0.0	0.0806400000003
22.55	10.4082460403	10.4		0.0	0.0806400000001
22.65	10.4082460403	10.4		0.0	0.0806400000001
22.75	10.4082460403	10.4		0.0	0.0806400000001
22.85	10.4082460403	10.4		0.0	0.08064
22.95	10.4082460403	10.4		0.0	0.08064
23.05	10.4082460403	10.4		0.0	0.08064
23.15	10.4082460403	10.4		0.0	0.08064
23.25	10.4082460403	10.4		0.0	0.08064
23.35	10.4082460403	10.4		0.0	0.08064
23.45	10.4082460403	10.4		0.0	0.08064
23.55	10.4082460403	10.403		0.0	0.08064
23.65	10.4082460403	10.411		0.0	0.08064
23.75	10.4082460403	10.426		0.0	0.08064
23.85	10.4082460403	10.445		0.0	0.5498505
23.95	10.4082460403	10.47		0.0	0.962886475
24.05	10.4078884125	10.5		-0.00358016253449	1.51292416375
24.15	10.3873023987	10.535		-0.203821122646	2.72797362369
24.25	10.4043083191	10.575		0.170057713985	2.98907863066
24.35	10.4236412048	10.62		0.191414624453	3.4737503838
24.45	10.4488811493	10.669		0.252401441336	4.04860467271
24.55	10.4841461182	10.723		0.352646023035	4.53227760272
24.65	10.5265712738	10.782		0.420048773289	5.01915267122
24.75	10.5779466629	10.845		0.50866663456	5.49541270205
24.85	10.6402416229	10.912		0.622948229313	5.84687496592
24.95	10.7086229324	10.984		0.677040636539	6.18792723467
25.05	10.7855968475	11.059		0.767944812775	6.4962230056
25.15	10.8740272522	11.139		0.884300112724	6.62767410252
25.25	10.9715862274	11.222		0.965934872627	6.67344284613
25.35	11.0746946335	11.309		1.03108668327	6.69400028076
25.45	11.1880064011	11.399		1.13312149048	6.55723162634
25.55	11.3084793091	11.493		1.19102442265	6.31855273185
25.65	11.433426857	11.59		1.23710560799	6.04111197933
25.75	11.563744545	11.691		1.28850412369	5.6473658907
25.85	11.6888713837	11.794		1.24947667122	5.42052615082
25.95	11.8120288849	11.901		1.23157584667	5.30505026787
26.05	11.9287424088	12.01		1.15557730198	5.28580012054
26.15	12.0445604324	12.123		1.1563924551	5.23548330424
26.25	12.1580514908	12.237		1.13491141796	5.29243948691
26.35	12.2708263397	12.355		1.11481297016	5.30101701911
26.45	12.3807373047	12.475		1.09910988808	5.4539956586
26.55	12.4902906418	12.597		1.08468282223	5.63729379637
26.65	12.6014547348	12.721		1.09886169434	5.89946295837
26.75	12.7136926651	12.847		1.12059092522	5.75447033126
26.85	12.8248567581	12.976		1.08808875084	6.26270314907
26.95	12.9403171539	13.106		1.15460240841	6.49776591708
27.05	13.0564937592	13.238		1.1599727869	6.76740016269
27.15	13.1737442017	13.371		1.14775800705	7.06983957321
27.25	13.3001241684	13.506		1.25128448009	7.22181855794
27.35	13.4290103912	13.643		1.28706848621	7.41136585107
27.45	13.5650568008	13.781		1.34521949291	7.51240588298
27.55	13.7053995132	13.92		1.38952839375	7.58430414734
27.65	13.852186203	14.059		1.46607649326	7.5368148663
27.75	14.0016584396	14.2		1.47991871834	7.45273093984
27.85	14.1572160721	14.341		1.53840649128	7.31301942293
27.95	14.3116998672	14.484		1.5295445919	7.18362124032
28.05	14.4695854187	14.626		1.57706153393	7.01554880814
28.15	14.6276493073	14.77		1.58064174652	6.85519146366
28.25	14.7848186493	14.913		1.55613005161	6.63745940865
28.35	14.9457473755	15.057		1.60749292374	6.31475823389
28.45	15.0977249146	15.201		1.5197789669	6.23591120525
28.55	15.2529249191	15.345		1.53486168385	6.00342829236
28.65	15.4002485275	15.489		1.47323691845	5.94938898156
28.75	15.5457820892	15.633		1.45354604721	5.8577705417
28.85	15.6882724762	15.776		1.4090243578	5.83351524377
28.95	15.8284358978	15.919		1.39984357357	5.7979796097
29.05	15.9677038193	16.061		1.39089310169	5.74353257436
29.15	16.0990962982	16.203		1.30091035366	5.89280940846
29.25	16.23478508	16.343		1.34167468548	5.87672773381
29.35	16.3633136749	16.483		1.27078056335	6.03768648021
29.45	16.4963169098	16.622		1.32824027538	6.0575736661
29.55	16.6262760162	16.76		1.28673171997	6.26666239974
29.65	16.7599945068	16.896		1.32395100594	6.13284607988
29.75	16.8924598694	17.031		1.30977237225	6.07262873595
29.85	17.0286846161	17.164		1.36225187778	6.04553093118
29.95	17.1638355255	17.296		1.32501113415	6.03333691903
30.05	17.3013134003	17.426		1.37299239635	6.02784961356
30.15	17.4361057281	17.555		1.34793114662	5.7647078261
30.25	17.5689296722	17.681		1.30219638348	5.70501752175
30.35	17.6979942322	17.805		1.2906485796	5.65283213479
30.45	17.8292064667	17.927		1.29736578465	5.47852771065
30.55	17.9546909332	18.047		1.25305688381	5.38897246979
30.65	18.078742981	18.165		1.24052631855	5.28003261141
30.75	18.1972465515	18.279		1.17152833939	5.26171067513
30.85	18.3137817383	18.392		1.16534292698	5.13584005381
30.95	18.4297790527	18.501		1.158182621	5.01047027421
31.05	18.5377216339	18.607		1.06695914268	4.9858988734
31.15	18.644947052	18.711		1.06164216995	4.88565924303
31.25	18.7453708649	18.811		1.00423550606	4.91553565936
31.35	18.8406028748	18.909		0.942894220352	4.92123604671
31.45	18.9372673035	19.002		0.957073092461	4.86885072102
31.55	19.0316047668	19.093		0.941582739353	4.72358432446
31.65	19.1263008118	19.18		0.935804843903	4.57811519601
31.75	19.2184906006	19.263		0.912764191628	4.3942555882
31.85	19.3117542267	19.342		0.923398375511	4.06561926469
31.95	19.4003639221	19.417		0.886090219021	3.81560341911
32.05	19.4857501984	19.489		0.852078616619	3.5026817886
32.15	19.5634403229	19.556		0.76920324564	3.33936655487
32.25	19.6386241913	19.619		0.742617845535	3.02775769969
32.35	19.7070045471	19.678		0.683811068535	2.81272271486
32.45	19.7707309723	19.732		0.630959272385	2.56486097169
32.55	19.8258647919	19.781		0.545886158943	2.40033618726
32.65	19.8745555878	19.826		0.486902117729	2.22802328427
32.75	19.9107151031	19.866		0.358016252518	2.26927972792
32.85	19.9252147675	19.901		0.144996598363	2.70309237756
32.95	19.9656715393	19.931		0.400552839041	2.2134040699
33.05	19.9858989716	19.955		0.202279180288	2.27882433146
33.15	20.0104236603	19.975		0.245241135359	2.06519094916
33.25	20.0342311859	19.989		0.2334125489	1.79702692712
33.35	20.0566062927	19.997		0.223760157824	1.4391848672
33.45	20.0795192719	20.0		0.229130402207	0.961152440242
33.55	20.0974197388	20.0		0.177235767245	0.541809098109
33.65	20.1004619598	20.0		0.0304313823581	0.400836344149
33.75	20.1004619598	20.0		0.0	0.266792354867
33.85	20.1004619598	20.0		0.0	0.0832725596902
33.95	20.1004619598	20.0		0.0	0.0832725596902
34.05	20.1006412506	20.0		0.00179008126725	0.0832725596902
34.15	20.1006412506	20.0		0.0	-0.580123610498
34.25	20.1006412506	20.0		0.0	-0.801639624724
34.35	20.1006412506	20.0		0.0	-1.02575383113
34.45	20.1006412506	20.0		0.0	-1.02575383113
34.55	20.1006412506	20.0		0.0	-1.4768467508
34.65	20.1006412506	20.0		0.0	-1.4768467508
34.75	20.1006412506	20.0		0.0	-1.70289303786
34.85	20.1006412506	20.0		0.0	-1.92904586704
34.95	20.1006412506	20.0		0.0	-2.15524664017
35.05	20.1006412506	20.0		0.0	-2.38146898808
35.15	20.1006412506	20.0		0.0	-2.60770104463
35.25	20.1006412506	20.0		0.0	-2.83393747009
35.35	20.1006412506	20.0		0.0	-3.06017586154
35.45	20.1006412506	20.0		0.0	-3.28641513769
35.55	20.1006412506	20.0		0.0	-3.51265481196
35.65	20.1006412506	20.0		0.0	-3.73889466538
35.75	20.1006412506	20.0		0.0	-3.96513459942
35.85	20.1006412506	20.0		0.0	-4.19137456974
35.95	20.1006412506	20.0		0.0	-4.41761455638
36.05	20.1006412506	20.0		0.0	-4.64385455037
36.15	20.1006412506	20.0		0.0	-4.87009454767
36.25	20.1006412506	20.0		0.0	-5.09633454645
36.35	20.1006412506	20.0		0.0	-5.3225745459
36.45	20.1006412506	20.0		0.0	-5.54881454566
36.55	20.1006412506	20.0		0.0	-5.77505454555
36.65	20.1006412506	20.0		0.0	-6.0012945455
36.75	20.1006412506	20.0		0.0	-6.22753454547
36.85	20.1006412506	20.0		0.0	-6.45377454546
36.95	20.1006412506	20.0		0.0	-6.68001454546
37.05	20.1006412506	20.0		0.0	-6.90625454546
37.15	20.1006412506	20.0		0.0	-7.13249454546
37.25	20.1006412506	20.0		0.0	-7.35873454545
37.35	20.1006412506	20.0		0.0	-7.58497454545
37.45	20.1006412506	20.0		0.0	-7.81121454545
37.55	20.1006412506	20.0		0.0	-8.03745454545
37.65	20.1006412506	20.0		0.0	-8.26369454545
37.75	20.1006412506	20.0		0.0	-8.48993454545
37.85	20.1006412506	20.0		0.0	-8.71617454545
37.95	20.1006412506	20.0		0.0	-8.94241454545
38.05	20.1006412506	20.0		0.0	-9.16865454545
38.15	20.1006412506	20.0		0.0	-9.39489454545
38.25	20.1006412506	20.0		0.0	-9.62113454545
38.35	20.1006412506	20.0		0.0	-9.84737454545
38.45	20.1006412506	20.0		0.0	-10.0736145455
38.55	20.1006412506	20.0		0.0	-10.2998545455
38.65	20.1006412506	20.0		0.0	-10.5260945455
38.75	20.1006412506	20.0		0.0	-10.7523345455
38.85	20.1006412506	20.0		0.0	-10.9785745455
38.95	20.1006412506	20.0		0.0	-11.2048145455
39.05	20.1006412506	20.0		0.0	-11.4310545455
39.15	20.1006412506	20.0		0.0	-11.6572945455
39.25	20.1006412506	20.0		0.0	-11.8835345455
39.35	20.1006412506	20.0		0.0	-12.1097745455
39.45	20.1006412506	20.0		0.0	-12.3360145455
39.55	20.1006412506	20.0		0.0	-12.5622545455
39.65	20.1006412506	20.0		0.0	-12.7884945455
39.75	20.1006412506	20.0		0.0	-13.0147345455
39.85	20.1006412506	20.0		0.0	-13.2409745455
39.95	20.1006412506	20.0		0.0	-13.4672145455
40.05	20.1006412506	20.0		0.0	-13.6934545455
40.15	20.1006412506	20.0		0.0	-13.9196945455
40.25	20.1006412506	20.0		0.0	-14.1459345455
40.35	20.1006412506	20.0		0.0	-14.3721745455
40.45	20.1006412506	20.0		0.0	-14.5984145455
40.55	20.1006412506	20.0		0.0	-14.8246545455
40.65	20.1006412506	20.0		0.0	-15.0508945455
40.75	20.1006412506	20.0		0.0	-15.2771345455
40.85	20.1006412506	20.0		0.0	-15.5033745455
40.95	20.1006412506	20.0		0.0	-15.7296145455
41.05	20.1006412506	20.0		0.0	-15.9558545455
41.15	20.1006412506	20.0		0.0	-16.1820945455
41.25	20.1006412506	20.0		0.0	-16.4083345455
41.35	20.1006412506	20.0		0.0	-16.6345745455
41.45	20.1006412506	20.0		0.0	-16.8608145455
41.55	20.1006412506	20.0		0.0	-17.0870545455
41.65	20.1006412506	20.0		0.0	-17.3132945455
41.75	20.1006412506	20.0		0.0	-17.5395345455
41.85	20.1006412506	20.0		0.0	-17.7657745455
41.95	20.1006412506	20.0		0.0	-17.9920145455
42.05	20.1006412506	20.0		0.0	-18.2182545455
42.15	20.1006412506	20.0		0.0	-18.4444945455
42.25	20.1006412506	20.0		0.0	-18.6707345455
42.35	20.1006412506	20.0		0.0	-18.8969745455
42.45	20.1006412506	20.0		0.0	-19.1232145455
42.55	20.1006412506	20.0		0.0	-19.3494545455
42.65	20.1006412506	20.0		0.0	-19.5756945455
42.75	20.1006412506	20.0		0.0	-19.8019345455
42.85	20.1006412506	20.0		0.0	-20.0281745455
42.95	20.1006412506	20.0		0.0	-20.2544145455
43.05	20.1006412506	20.0		0.0	-20.4806545455
43.15	20.1006412506	20.0		0.0	-20.7068945455
43.25	20.1006412506	20.0		0.0	-20.9331345455
43.35	20.1006412506	20.0		0.0	-21.1593745455
43.45	20.1006412506	20.0		0.0	-21.3856145455
43.55	20.1006412506	19.999		0.0	-21.6118545455
43.65	20.1006412506	19.997		0.0	-21.8641617955
43.75	20.1006412506	19.994		0.0	-22.137967308
43.85	20.1006412506	19.989		0.0	-22.4324470386
43.95	20.1006412506	19.983		0.0	-22.7745294174
44.05	20.1006412506	19.976		0.0	-23.1351977378
44.15	20.1006412506	19.968		0.0	-23.520157732
44.25	20.1006412506	19.958		0.0	-23.9332089794
44.35	20.1006412506	19.947		0.0	-24.4033605407
44.45	20.1006412506	19.935		0.0	-24.9025319933
44.55	20.1006412506	19.921		0.0	-25.436850397
44.65	20.1006412506	19.906		0.0	-26.0363721786
44.75	20.1006412506	19.89		0.0	-26.6734882304
44.85	20.1006412506	19.873		0.0	-27.3545377037
44.95	20.1006412506	19.855		0.0	-28.0836052167
45.05	20.1006412506	19.835		0.0	-28.8637608475
45.15	20.1006412506	19.814		0.0	-29.7236853814
45.25	20.1006412506	19.792		0.0	-30.6351506716
45.35	20.1006412506	19.769		0.0	-31.6042173022
45.45	20.1006412506	19.745		0.0	-32.634844536
45.55	20.1006412506	19.72		0.0	-33.3259500412
45.65	20.1006412506	19.693		0.0	-33.8524787685
45.75	20.1006412506	19.665		0.0	-34.3383191958
45.85	20.1006412506	19.636		0.0	-34.7962386381
45.95	20.1006412506	19.606		0.0	-35.2495136372
46.05	20.1006412506	19.575		0.0	-35.7086186367
46.15	20.1006412506	19.543		0.0	-36.1782671365
46.25	20.1006412506	19.51		0.0	-36.6605802114
46.35	20.1006412506	19.475		0.0	-37.1565123451
46.45	20.1006412506	19.44		0.0	-37.6919443053
46.55	20.1006412506	19.403		0.0	-38.2100886874
46.65	20.1006412506	19.366		0.0	-38.7713561593
46.75	20.1006412506	19.327		0.0	-39.3169665217
46.85	20.1006412506	19.287		0.0	-39.9064336848
46.95	20.1006412506	19.247		0.0	-40.5060251581
47.05	20.1006412506	19.205		0.0	-41.0926413212
47.15	20.1006412506	19.162		0.0	-41.7243210945
47.25	20.1006412506	19.118		0.0	-42.3666682425
47.35	20.1006412506	19.074		0.0	-43.0217357091
47.45	20.1006412506	19.028		0.0	-43.6649960691
47.55	20.1006412506	18.981		0.0	-44.3538457311
47.65	20.1006412506	18.933		0.0	-45.053599329
47.75	20.1006412506	18.885		0.0	-45.766179698
47.85	20.1006412506	18.835		0.0	-46.4670008641
47.95	20.1006412506	18.785		0.0	-47.2134328889
48.05	20.1006412506	18.733		0.0	-47.9453273
48.15	20.1006412506	18.681		0.0	-48.721582285
48.25	20.1006412506	18.627		0.0	-49.4827370282
48.35	20.1006412506	18.573		0.0	-50.2879991627
48.45	20.1006412506	18.518		0.0	-51.0780471232
48.55	20.1006412506	18.462		0.0	-51.8866999554
48.65	20.1006412506	18.405		0.0	-52.71164498
48.75	20.1006412506	18.347		0.0	-53.551841491
48.85	20.1006412506	18.289		0.0	-54.4068211709
48.95	20.1006412506	18.229		0.0	-55.2509220269
49.05	20.1006412506	18.169		0.0	-56.1410299121
49.15	20.1006412506	18.108		0.0	-57.0167784605
49.25	20.1006412506	18.046		0.0	-57.9115165572
49.35	20.1006412506	17.983		0.0	-58.8227199507
49.45	20.1006412506	17.919		0.0	-59.7492527278
49.55	20.1006412506	17.855		0.0	-60.6906037275
49.65	20.1006412506	17.79		0.0	-61.6210916774
49.75	20.1006412506	17.724		0.0	-62.5721425048
49.85	20.1006412506	17.657		0.0	-63.5403666272
49.95	20.1006412506	17.59		0.0	-64.5242387322
50.05	20.1006412506	17.521		0.0	-65.4976211795
50.15	20.1006412506	17.452		0.0	-66.5171857808
50.25	20.1006412506	17.383		0.0	-67.5224698513
50.35	20.1006412506	17.312		0.0	-68.5213276831
50.45	20.1006412506	17.241		0.0	-69.5681962074
50.55	20.1006412506	17.169		0.0	-70.6016070433
50.65	20.1006412506	17.096		0.0	-71.6544131695
50.75	20.1006412506	17.023		0.0	-72.7238671763
50.85	20.1006412506	16.949		0.0	-73.7832814793
50.95	20.1006412506	16.874		0.0	-74.8636291657
51.05	20.1006412506	16.799		0.0	-75.9613168746
51.15	20.1006412506	16.723		0.0	-77.0492763436
51.25	20.1006412506	16.646		0.0	-78.1583093546
51.35	20.1006412506	16.569		0.0	-79.2847454596
51.45	20.1006412506	16.491		0.0	-80.4014817068
51.55	20.1006412506	16.413		0.0	-81.5393042681
51.65	20.1006412506	16.334		0.0	-82.6690844206
51.75	20.1006412506	16.254		0.0	-83.8206967393
51.85	20.1006412506	16.173		0.0	-84.9900535327
51.95	20.1006412506	16.092		0.0	-86.1753153397
52.05	20.1006412506	16.011		0.0	-87.3502031529
52.15	20.1006412506	15.929		0.0	-88.5204226688
52.25	20.1006412506	15.846		0.0	-89.713992701
52.35	20.1006412506	15.763		0.0	-90.9259904654
52.45	20.1006412506	15.679		0.0	-92.1287494594
52.55	20.1006412506	15.595		0.0	-93.3528022567
52.65	20.1006412506	15.51		0.0	-94.5689060155
52.75	20.1006412506	15.425		0.0	-95.806883957
52.85	20.1006412506	15.339		0.0	-97.0371740306
52.95	20.1006412506	15.253		0.0	-98.2894558138
53.05	20.1006412506	15.166		0.0	-99.5341026162
53.15	20.1006412506	15.079		0.0	-100.800764927
53.25	20.1006412506	14.991		0.0	-102.059802967
53.35	20.1006412506	14.903		0.0	-103.340861335
53.45	20.1006412506	14.814		0.0	-104.614297601
53.55	20.1006412506	14.725		0.0	-105.90975517
53.65	20.1006412506	14.635		0.0	-105.90975517
53.75	20.1006412506	14.545		0.0	-107.197591077
53.85	20.1006412506	14.455		0.0	-108.507448485
53.95	20.1006412506	14.364		0.0	-109.809684318
54.05	20.1006412506	14.273		0.0	-111.108490443
54.15	20.1006412506	14.181		0.0	-114.747268199
54.25	20.1006412506	14.089		0.0	-115.53554569
54.35	20.1006412506	13.997		0.0	-116.61891056
54.45	20.1006412506	13.904		0.0	-117.835064752
54.55	20.1006412506	13.811		0.0	-119.136425388
54.65	20.1006412506	13.718		0.0	-120.458597675
54.75	20.1006412506	13.624		0.0	-121.790135204
54.85	20.1006412506	13.53		0.0	-123.151338342
54.95	20.1006412506	13.436		0.0	-124.508359754
55.05	20.1006412506	13.341		0.0	-125.863499389
55.15	20.1006412506	13.246		0.0	-127.243243475
55.25	20.1006412506	13.151		0.0	-128.616528314
55.35	20.1006412506	13.055		0.0	-129.986906491
55.45	20.1006412506	12.959		0.0	-131.381427921
55.55	20.1006412506	12.863		0.0	-132.769282564
