%1-PWM	2-Yaw (rad)
280	5.988
281	5.983
282	5.993
283	5.979
284	5.986
285	5.99
286	5.99
287	5.987
288	5.985
289	5.992
290	5.992
291	5.991
292	5.991
293	5.992
294	6.004
295	5.993
296	5.995
297	5.994
298	6.005
299	5.994
300	5.996
301	6.005
302	6.001
303	6.007
304	5.995
305	6.014
306	6.004
307	6.001
308	6.01
309	6.012
310	6.025
311	6.015
312	6.016
313	6.026
314	6.028
315	6.022
316	6.031
317	6.026
318	6.03
319	6.039
320	6.031
321	6.05
322	6.035
323	6.05
324	6.043
325	6.041
326	6.05
327	6.041
328	6.047
329	6.063
330	6.044
331	6.055
332	6.072
333	6.064
334	6.064
335	6.074
336	6.074
337	6.092
338	6.086
339	6.085
340	6.083
341	6.085
342	6.083
343	6.083
344	6.1
345	6.097
346	6.101
347	6.1
348	6.101
349	6.1
350	6.1
351	6.124
352	6.124
353	6.144
354	6.116
355	6.127
356	6.151
357	6.141
358	6.14
359	6.15
360	6.141
361	6.142
362	6.139
363	6.152
364	6.151
365	6.163
366	6.159
367	6.181
368	6.145
369	6.166
370	6.168
371	6.184
372	6.192
373	6.174
374	6.171
375	6.185
376	6.19
377	6.195
378	6.194
379	6.195
380	6.202
381	6.205
382	6.205
383	6.223
384	6.209
385	6.231
386	6.218
387	6.239
388	6.226
389	6.238
390	6.223
391	6.242
392	6.239
393	6.227
394	6.236
395	6.238
396	6.251
397	6.243
398	6.25
399	6.252
400	6.254
401	6.263
402	6.257
403	6.281
404	6.282
405	0.013
406	6.274
407	0.014
408	0.014
409	0.015
410	0.003
411	0.009
412	0.017
413	0.017
414	0.031
415	0.008
416	0.045
417	0.044
418	0.047
419	0.048
420	0.027
421	0.073
422	0.043
423	0.053
424	0.064
425	0.066
426	0.068
427	0.055
428	0.087
429	0.091
430	0.085
431	0.079
432	0.096
433	0.106
434	0.094
435	0.106
436	0.122
437	0.112
438	0.097
439	0.105
440	0.105
441	0.101
442	0.119
443	0.135
444	0.123
445	0.122
446	0.128
447	0.141
448	0.149
449	0.149
450	0.159
451	0.161
452	0.166
453	0.156
454	0.158
455	0.172
456	0.178
457	0.178
458	0.18
459	0.175
460	0.196
461	0.198
462	0.161
463	0.2
464	0.208
465	0.201
466	0.23
467	0.232
468	0.22
469	0.233
470	0.238
471	0.235
472	0.222
473	0.252
474	0.251
475	0.243
476	0.251
477	0.251
478	0.254
479	0.262
480	0.279
481	0.263
482	0.252
483	0.257
484	0.26
485	0.237
486	0.277
487	0.302
488	0.307
489	0.297
490	0.291
491	0.292
492	0.294
493	0.3
494	0.307
495	0.285
496	0.31
497	0.31
498	0.298
499	0.326
500	0.313
501	0.309
502	0.303
503	0.326
504	0.33
505	0.281
506	0.304
507	0.302
508	0.308
509	0.299
510	0.325
511	0.319
512	0.326
513	0.308
514	0.308
515	0.324
516	0.306
517	0.34
518	0.316
519	0.311
520	0.309
521	0.311
522	0.329
523	0.326
524	0.282
525	0.315
526	0.305
527	0.313
528	0.323
529	0.336
530	0.299
531	0.294
532	0.318
533	0.304
534	0.302
535	0.308
536	0.307
537	0.303
538	0.306
539	0.314
540	0.32
541	0.305
542	0.33
543	0.297
544	0.296
545	0.293
546	0.315
547	0.275
548	0.294
549	0.298
550	0.317
551	0.314
