%1-Time(seg)	2-Pos_Encoder	3-x_ref	4-Velo_Encoder(m/s)	5-Torque(N.m)
3.04	0.0551345087588	0.0		0.0	1.38711355451
3.04	0.0551345087588	0.0		0.0	1.38711355451
3.14	0.0551345087588	0.003		0.0	1.38944044187
3.24	0.0551345087588	0.011		0.0	1.47581313596
3.34	0.0594307035208	0.026		0.0425365865231	1.50402371798
3.44	0.0687391236424	0.045		0.0930842235684	1.54351237305
3.54	0.0816277116537	0.07		0.128885835409	1.50313318988
3.64	0.0941582843661	0.1		0.124065026641	1.64180750281
3.74	0.103645712137	0.135		0.0948743075132	1.79806568967
3.84	0.11599726975	0.175		0.120520323515	1.9007440174
3.94	0.132108002901	0.221		0.161107316613	1.98584816785
4.04	0.162718385458	0.27		0.306103885174	1.90346525435
4.14	0.173816889524	0.325		0.109886169434	2.32181351482
4.24	0.196371912956	0.384		0.223317071795	2.39661097995
4.34	0.218926936388	0.447		0.225550234318	2.54971029076
4.44	0.243809074163	0.515		0.246357709169	2.71660634611
4.54	0.276388555765	0.587		0.325794786215	2.81111275176
4.64	0.312727212906	0.663		0.361596405506	2.92568136274
4.74	0.355331152678	0.743		0.421821147203	3.01485124259
4.84	0.398830115795	0.827		0.434989720583	3.17795980856
4.94	0.448773384094	0.915		0.499432682991	3.26411597124
5.04	0.50050675869	1.007		0.517333447933	3.42023336411
5.14	0.555999279022	1.102		0.554925203323	3.55417421558
5.24	0.613997936249	1.2		0.572471559048	3.69532748374
5.34	0.677187800407	1.302		0.630108594894	3.78831172451
5.44	0.742704749107	1.407		0.655169725418	3.95268506152
5.54	0.812338888645	1.515		0.689447164536	4.06775322747
5.64	0.88662725687	1.626		0.735528409481	4.17102782198
5.74	0.965927839279	1.74		0.791215956211	4.25683203756
5.84	1.05024063587	1.857		0.833008110523	4.35174593245
5.94	1.13526952267	1.976		0.840097546577	4.49879806358
6.04	1.22280454636	2.098		0.873559653759	4.58638227278
6.14	1.31642580032	2.222		0.925170660019	4.68370944314
6.24	1.41094207764	2.349		0.945162951946	4.77926072335
6.34	1.51029157639	2.478		0.98365855217	4.88809766588
6.44	1.61017811298	2.609		0.998865365982	4.99008302143
6.54	1.71740400791	2.742		1.07046854496	5.02244027641
6.64	1.82552492619	2.877		1.06873166561	5.13886669551
6.74	1.9356149435	3.014		1.10089993477	5.22010679117
6.84	2.05107522011	3.152		1.15460240841	5.26419767672
6.94	2.1686835289	3.292		1.16266667843	5.33009966046
7.04	2.28861904144	3.433		1.19756436348	5.40317168546
7.14	2.41070270538	3.576		1.21904528141	5.44895579221
7.24	2.53332328796	3.72		1.2122926712	5.57373089615
7.34	2.65988206863	3.865		1.26558756828	5.57961616924
7.44	2.78447175026	4.011		1.24410653114	5.69410078052
7.54	2.91192555428	4.158		1.26014637947	5.76378471551
7.64	3.04331755638	4.305		1.31212949753	5.78270128602
7.74	3.17506742477	4.454		1.30445539951	5.8378612945
7.84	3.31039762497	4.602		1.35151135921	5.89113003392
7.94	3.44769692421	4.752		1.37299239635	5.85537312196
8.04	3.58803939819	4.901		1.38775599003	5.94123023837
8.14	3.72766566277	5.051		1.39626336098	5.91407712885
8.24	3.8667550087	5.201		1.39089310169	5.99895619818
8.34	4.01300477982	5.351		1.44624388218	5.94644330001
8.44	4.16319274902	5.501		1.50008809566	5.88745041665
8.54	4.30944252014	5.651		1.46070623398	5.88745041665
8.64	4.4519329071	5.8		1.4107966423	6.01280333318
8.74	4.59370756149	5.949		1.41595435143	6.01379872898
8.84	4.73780918121	6.097		1.42497563362	6.04264780612
8.94	4.88513278961	6.245		1.47144675255	5.97618510973
9.04	5.02905511856	6.392		1.43743526936	6.0378313224
9.14	5.16617536545	6.538		1.34256088734	6.15571971258
9.24	5.3006105423	6.683		1.34256088734	6.1989118967
9.34	5.43325567245	6.827		1.32645010948	6.26509331714
9.44	5.5698390007	6.969		1.33729600906	6.28555648388
9.54	5.70588541031	7.111		1.36046171188	6.25677938925
9.64	5.84067869186	7.25		1.34614121914	6.33152495645
9.74	5.97332382202	7.389		1.30044138432	6.34329056136
9.84	6.10328388214	7.525		1.29959893227	6.42886755104
9.94	6.23324394226	7.66		1.28495931625	6.40551763117
10.04	6.36445713043	7.793		1.29913818836	6.40551763117
10.14	6.49656534195	7.924		1.32107996941	6.43316066727
10.24	6.63851881027	8.053		1.40370714664	10.07145807
10.34	6.77599716187	8.18		1.36117076874	4.86271897402
10.44	6.77599716187	8.304		1.36117076874	6.73088665731
10.54	6.92135190964	8.426		1.45175588131	6.51292116081
10.64	7.06151533127	8.545		1.38598370552	6.49637605833
10.74	7.19899368286	8.662		1.37478232384	6.38863069366
10.84	7.3373670578	8.776		1.38373291492	6.28637532186
10.94	7.47717237473	8.887		1.3842113018	6.13633399999
11.04	7.61321878433	8.995		1.36046171188	6.02464626066
11.14	7.74604272842	9.1		1.32824027538	5.9228769365
11.24	7.87457036972	9.202		1.27255260944	5.85405766349
11.34	7.9996972084	9.3		1.24947667122	5.75642409899
11.44	8.12285518646	9.395		1.21760964394	5.63650915473
11.54	8.24225330353	9.486		1.18039023876	5.56690722119
11.64	8.35932445526	9.574		1.16892313957	5.4205811787
11.74	8.47013092041	9.658		1.0845785141	5.41027755532
11.84	8.57914733887	9.738		1.09015953541	5.25288437563
11.94	8.68207740784	9.814		1.0275067091	5.19252115038
12.04	8.78124809265	9.886		0.970504879951	5.13378913285
12.14	8.87701702118	9.954		0.955903410912	5.02063046976
12.24	8.97207069397	10.017		0.950533092022	4.88071171135
12.34	9.06193256378	10.076		0.881000816822	4.79672572042
12.44	9.15251064301	10.13		0.903991103172	4.6183775839
12.54	9.23968791962	10.18		0.863138079643	4.47078121668
12.64	9.32221031189	10.225		0.825227439404	4.36131829045
12.74	9.40276432037	10.265		0.805536568165	4.17653452656
12.84	9.47902202606	10.3		0.755024373531	4.04543198152
12.94	9.55313110352	10.33		0.741093635559	3.85605908865
13.04	9.62330245972	10.355		0.699921786785	3.6958280798
13.14	9.6902513504	10.375		0.662861704826	3.52478849322
13.24	9.75075626373	10.389		0.605047464371	3.38578903388
13.34	9.80839729309	10.397		0.576406180859	3.17669024433
13.44	9.85959339142	10.4		0.506894230843	3.03512311985
13.54	9.90685176849	10.4		0.470791369677	2.87342200473
13.64	9.95088768005	10.4		0.43599998951	2.7450781039
13.74	9.98973274231	10.4		0.382829248905	2.70673943957
13.84	10.0239229202	10.4		0.341905534267	2.62972155651
13.94	10.0534591675	10.4		0.290666669607	2.58896382106
14.04	10.0806684494	10.4		0.272092342377	2.50953133757
14.14	10.0926618576	10.4		0.119935445487	2.69145495598
14.24	10.1198711395	10.4		0.267626017332	2.37705383395
14.34	10.1279268265	10.4		0.0805536583066	2.62212024923
14.44	10.1379508972	10.4		0.100244559348	2.56702145136
14.54	10.1508398056	10.4		0.126358672976	2.48425387801
14.64	10.1651601791	10.4		0.143206492066	2.40453823965
14.74	10.177690506	10.4		0.123515605927	2.38173212016
14.84	10.1809129715	10.4		0.0319024398923	2.51169531193
14.94	10.1816291809	10.4		0.00716032506898	2.55668687184
15.04	10.1837768555	10.4		0.0212682932615	2.53629633963
15.14	10.1866407394	10.4		0.0286413002759	2.51812768959
15.24	10.188788414	10.4		0.02148097381	2.52633023686
15.34	10.1927261353	10.4		0.0389918722212	2.48602751663
15.44	10.1993494034	10.4		0.0662330091	2.41966110314
15.54	10.2106266022	10.4		0.112775117159	2.29765127421
15.64	10.2313919067	10.4		0.203577890992	2.07065529253
15.74	10.2602119446	10.4		0.288203090429	1.81273824752
15.84	10.2696990967	10.4		0.0948743075132	2.03825589496
15.94	10.2815132141	10.4		0.116975605488	1.95507264824
16.04	10.2942228317	10.4		0.127095773816	1.88560249881
16.14	10.3174934387	10.4		0.232710570097	1.6273155138
16.24	10.3364686966	10.4		0.187869921327	1.60132627703
16.34	10.3484621048	10.4		0.119935445487	1.64514439233
16.44	10.356338501	10.4		0.0779837444425	1.67483301095
16.54	10.3615293503	10.4		0.051912356168	1.69340192026
16.64	10.3660049438	10.4		0.0443089418113	1.69177249191
16.74	10.3715543747	10.4		0.0549430847168	1.65408093766
16.84	10.3796100616	10.4		0.0805536583066	1.58178858608
16.94	10.3901720047	10.4		0.105614796281	1.49899834394
17.04	10.4157705307	10.4		0.251674771309	1.17016122306
17.14	10.4299125671	10.4		0.141416430473	1.25829788246
17.24	10.4317026138	10.4		0.0179008115083	1.43305527195
17.34	10.4390420914	10.4		0.0726666674018	1.32488390169
17.44	10.4504985809	10.4		0.114565201104	1.21393912065
17.54	10.4521093369	10.4		0.0161107294261	1.35402680028
17.64	10.4467391968	10.4		-0.051398370415	1.48430721677
17.74	10.4429798126	10.4		-0.0375917032361	1.49105962285
17.84	10.4365358353	10.4		-0.0638048797846	1.56443999787
17.94	10.4451284409	10.4		0.0859238952398	1.30661187849
18.04	10.4556903839	10.4		0.104569092393	1.22570970649
18.14	10.4571228027	10.403		0.0141788609326	1.35264027161
18.24	10.4506788254	10.411		-0.0644429177046	1.58565312835
18.34	10.4478149414	10.426		-0.0286413002759	1.66343946181
18.44	10.4390439987	10.445		-0.0868455246091	1.95322687782
18.54	10.4496059418	10.47		0.105614796281	1.69548560337
18.64	10.4773521423	10.5		0.277462601662	1.50850288266
18.74	10.4968643188	10.535		0.193186998367	1.68584978826
18.84	10.5056352615	10.575		0.0877139791846	1.98975894031
18.94	10.5178079605	10.62		0.120520323515	2.10575553992
19.04	10.5326652527	10.669		0.14857673645	2.23644973496
19.14	10.5519981384	10.723		0.191538691521	2.31951810475
19.24	10.5738372803	10.782		0.216227605939	2.47697090797
19.34	10.5994358063	10.845		0.255981624126	2.60353765018
19.44	10.6278982162	10.912		0.284622907639	2.7237200616
19.54	10.6583299637	10.984		0.301300793886	2.88846860803
19.64	10.6921625137	11.059		0.338325351477	3.0534396939
19.74	10.7297544479	11.139		0.375917077065	3.15080995137
19.84	10.7698526382	11.222		0.397008061409	3.360636528
19.94	10.8153209686	11.309		0.452890574932	3.4372172584
20.04	10.8640108109	11.399		0.480308890343	3.60754523803
20.14	10.916639328	11.493		0.521073162556	3.71704737905
20.24	10.9741010666	11.59		0.574616074562	3.84467860515
20.34	11.0349636078	11.691		0.602601587772	3.96644340831
20.44	11.0972585678	11.794		0.621158123016	4.1516766539
20.54	11.1636705399	11.901		0.664120137691	4.23282945432
20.64	11.2334833145	12.01		0.691219449043	4.41791623116
20.74	11.3074140549	12.123		0.739303529263	4.48891112245
20.84	11.3836717606	12.237		0.760784506798	4.67445614277
20.94	11.4636888504	12.355		0.79224383831	4.7409221775
21.04	11.5446004868	12.475		0.801105678082	4.96248205231
21.14	11.6289129257	12.597		0.84312826395	5.04814377587
21.24	11.7143001556	12.721		0.843642294407	5.2181488382
21.34	11.805773735	12.847		0.903902411461	5.29968302698
21.44	11.8979625702	12.976		0.91099178791	5.44974956701
21.54	11.9951639175	13.106		0.972014188766	5.55102668678
21.64	12.0932607651	13.238		0.980964541435	5.65004643562
21.74	12.1931476593	13.371		0.988975524902	5.80695516589
21.84	12.2964353561	13.506		1.03287696838	5.87423672828
21.94	12.3990068436	13.643		1.0257165432	6.04752446299
22.04	12.5048007965	13.78		1.04746341705	6.17440724417
22.14	12.6152486801	13.919		1.10269010067	6.19372469104
22.24	12.727845192	14.059		1.1259611845	6.32216776794
22.34	12.845990181	14.2		1.16798377037	6.3623472814
22.44	12.9619874954	14.341		1.1599727869	6.48081586944
22.54	13.0810279846	14.484		1.19040417671	6.52376007154
22.64	13.2029323578	14.626		1.20697557926	6.64102890759
22.74	13.3266267776	14.77		1.23515617847	6.63203420406
22.84	13.4490680695	14.913		1.21052014828	6.81069242657
22.94	13.5749111176	15.057		1.25663709641	6.78044951052
23.04	13.7000379562	15.201		1.25126671791	6.90199718116
23.14	13.8274917603	15.345		1.26191854477	6.94829209097
23.24	13.9549455643	15.489		1.27274775505	7.00441748367
23.34	14.0874118805	15.633		1.32466006279	6.99863058211
23.44	14.2205944061	15.776		1.3186340332	7.04757126136
23.54	14.3546714783	15.919		1.33898067474	7.03843986512
23.64	14.4892854691	16.061		1.34435105324	7.08183381161
23.74	14.6258687973	16.203		1.35053646564	7.07338296941
23.84	14.7599458694	16.343		1.33898067474	7.13150682495
23.94	14.8993930817	16.483		1.38066649437	7.04582410752
24.04	15.0354394913	16.622		1.36046171188	7.10916779381
24.14	15.1734542847	16.76		1.38015270233	7.06803134704
24.24	15.3066368103	16.896		1.3168617487	7.14231152401
24.34	15.4425039291	17.031		1.35688149929	7.06991031856
24.44	15.5815935135	17.164		1.39089310169	7.02186363667
24.54	15.7181768417	17.296		1.35230886936	7.01395607509
24.64	15.8549394608	17.426		1.36762213707	6.98140465109
24.74	15.9924173355	17.555		1.37478232384	6.90902134485
24.84	16.1291790009	17.681		1.35230886936	6.90539822694
24.94	16.2673740387	17.805		1.38194262981	6.76576075094
25.04	16.4039573669	17.927		1.36404192448	6.76576075094
25.14	16.5410766602	18.047		1.3558536768	6.72269168846
25.24	16.6753330231	18.165		1.34256088734	6.64946491237
25.34	16.8085155487	18.279		1.3168617487	6.5822390798
25.44	16.9388332367	18.391		1.30317914486	6.52587087876
25.54	16.9388332367	18.501		1.30317914486	9.55994863256
25.64	17.070941925	18.607		1.31928992271	5.13280494893
25.74	17.1989326477	18.711		1.26546347141	6.6510242653
25.84	17.3254909515	18.811		1.25305688381	6.58965545147
25.94	17.4516925812	18.909		1.26021718979	6.4093842913
26.04	17.5786094666	19.002		1.25660145283	6.3051762915
26.14	17.7066001892	19.093		1.26546347141	6.06201748153
26.24	17.8304729462	19.18		1.23873639107	5.97513882503
26.34	17.9554214478	19.263		1.23710560799	5.75211022208
26.44	18.0744609833	19.342		1.17684555054	5.62701707747
26.54	18.1883106232	19.417		1.12544703484	5.50168157884
26.64	18.2978630066	19.489		1.09373962879	5.35358199609
26.74	18.4011497498	19.556		1.03287696838	5.27961289619
26.84	18.499961853	19.619		0.978341460228	5.13928595015
26.94	18.5948352814	19.678		0.946952939034	5.0236175493
27.04	18.6909618378	19.732		0.961273610592	4.81853974873
27.14	18.781539917	19.781		0.896813035011	4.68145812468
27.24	18.8674640656	19.826		0.857448935509	4.53357442565
27.34	18.9492702484	19.866		0.81627702713	4.41038415111
27.44	19.0249900818	19.901		0.74970728159	4.28684636777
27.54	19.0978469849	19.931		0.726773023605	4.11647790139
27.64	19.1671237946	19.955		0.685902357101	3.96408295756
27.74	19.2317466736	19.975		0.644429266453	3.78186666645
27.84	19.2918930054	19.989		0.593739748001	3.67746246855
27.94	19.3468494415	19.997		0.544113814831	3.49422684159
28.04	19.3991203308	20.0		0.522703707218	3.28733295102
28.14	19.4467372894	20.0		0.474371522665	3.1388436513
28.24	19.4888038635	20.0		0.414731681347	3.05198092923
28.34	19.5297966003	20.0		0.409928590059	2.93850066974
28.44	19.5682830811	20.0		0.384867459536	2.8186636533
28.54	19.6040840149	20.0		0.349241346121	2.72509092995
28.64	19.6348743439	20.0		0.307893961668	2.658203024
28.74	19.6624412537	20.0		0.275672525167	2.59499947531
28.84	19.6796264648	20.0		0.170146346092	2.68271069885
28.94	19.7014656067	20.0		0.21838991344	2.53394490306
29.04	19.7122058868	20.0		0.106341451406	2.66063059981
29.14	19.7227668762	20.0		0.105614796281	2.62783663207
29.24	19.7333278656	20.0		0.105614796281	2.59409906553
29.34	19.7426357269	20.0		0.0921625941992	2.58203674264
29.44	19.7485427856	20.0		0.0590726844966	2.61359399032
29.54	19.7539138794	20.0		0.0537024401128	2.60695235119
29.64	19.7646541595	20.0		0.106341451406	2.48832949381
29.74	19.783449173	20.0		0.187958538532	2.28785412502
29.84	19.7970542908	20.0		0.136046171188	2.29950658755
29.94	19.8140602112	20.0		0.168373957276	2.17764965948
30.04	19.8248004913	20.0		0.107404880226	2.21772957778
30.14	19.8350048065	20.0		0.102034628391	2.18266644323
30.24	19.8507575989	20.0		0.155967488885	2.03451368319
30.34	19.8643627167	20.0		0.136046171188	2.00289955021
30.44	19.8767147064	20.0		0.122292682528	1.96739542856
30.54	19.8899612427	20.0		0.1324660182	1.89473743706
30.64	19.9008808136	20.0		0.10919495672	1.87989649285
30.74	19.9049987793	20.0		0.0407642312348	1.96538252647
30.84	19.9092941284	20.0		0.0429619476199	1.94951290433
30.94	19.9160957336	20.0		0.0680230855942	1.88543658628
31.04	19.9205703735	20.0		0.0443089418113	1.90246809966
31.14	19.9277305603	20.0		0.0716032460332	1.83133841332
31.24	19.9359645844	20.0		0.0823437348008	1.78062485978
31.34	19.9490318298	20.0		0.129382103682	1.65249241014
31.44	19.9703330994	20.0		0.213019654155	1.43166710383
31.54	19.980714798	20.0		0.103824712336	1.53599656807
31.64	19.9900226593	20.0		0.0912590399384	1.51539804966
31.74	20.0007629395	20.0		0.107404880226	1.44421485203
31.84	20.0129356384	20.0		0.120520323515	1.36934208664
31.94	20.0247497559	20.0		0.118145368993	1.31953338733
32.04	20.0265407562	20.0		0.0179008115083	1.46077120671
32.14	20.0317325592	20.0		0.051398370415	1.39405697224
32.24	20.0419368744	20.0		0.102034628391	1.27493956172
32.34	20.0424747467	20.0		0.00537024345249	1.41918012598
32.44	20.0426540375	20.0		0.00177235761657	1.42668392979
32.54	20.0465927124	20.0		0.0393817871809	1.35705141378
32.64	20.0542907715	20.0		0.076973490417	1.26793452658
32.74	20.0548286438	20.0		0.00531707331538	1.37221092025
32.84	20.0548286438	20.0		0.0	1.38330409726
32.94	20.0548286438	20.0		0.0	1.38639287606
33.04	20.0550079346	20.0		0.00179008126725	1.38537602255
33.14	20.0550079346	19.999		0.0	1.39036561203
33.24	20.0550079346	19.997		0.0	1.36387169314
33.34	20.0550079346	19.994		0.0	1.34708158195
33.44	20.0550079346	19.989		0.0	1.32585197506
33.54	20.0550079346	19.983		0.0	1.27200540079
33.64	20.0550079346	19.976		0.0	1.25191608994
33.74	20.0550079346	19.968		0.0	1.21315965322
33.84	20.0550079346	19.958		0.0	1.16988210552
33.94	20.0550079346	19.947		0.0	1.09392229822
34.04	20.0550079346	19.935		0.0	1.05166752056
34.14	20.0550079346	19.921		0.0	0.990703830015
34.24	20.0550079346	19.906		0.0	0.897015204133
34.34	20.0550079346	19.89		0.0	0.836997467302
34.44	20.0550079346	19.873		0.0	0.75824350511
34.54	20.0550079346	19.855		0.0	0.674913152342
34.64	20.0550079346	19.835		0.0	0.587026711037
34.74	20.0550079346	19.814		0.0	0.466430028089
34.84	20.0550079346	19.792		0.0	0.379515989146
34.94	20.0550079346	19.769		0.0	0.273875128806
35.04	20.0550079346	19.745		0.0	0.16366540106
35.14	20.0550079346	19.72		0.0	0.0489056033126
35.24	20.0550079346	19.693		0.0	0.0489056033126
35.34	20.0550079346	19.665		0.0	0.0489056033126
35.44	20.0550079346	19.636		0.0	0.729196374043
35.54	20.0555458069	19.606		0.00531707331538	0.729196374043
35.64	20.0557250977	19.575		0.00179008126725	0.729196374043
35.74	20.0607376099	19.543		0.0501222796738	0.314802882918
35.84	20.0623493195	19.51		0.0161107294261	0.314802882918
35.94	20.0637817383	19.475		0.014320650138	0.314802882918
36.04	20.0736274719	19.44		0.0974796637893	-0.158669297845
36.14	20.0503559113	19.403		-0.232710570097	-1.52600385991
36.24	20.0362148285	19.366		-0.141416430473	-1.29548907222
36.34	20.0057830811	19.327		-0.301300793886	-1.05635291797
36.44	19.9767837524	19.287		-0.289993196726	-1.14528676239
36.54	19.9483222961	19.247		-0.281804889441	-1.1878993842
36.64	19.9195022583	19.205		-0.285349577665	-1.20983767658
36.74	19.8926506042	19.162		-0.265853643417	-1.34243095148
36.84	19.8675899506	19.118		-0.250611364841	-1.43204395534
36.94	19.8394851685	19.074		-0.278260111809	-1.46727399756
37.04	19.8108444214	19.028		-0.283577233553	-1.50839995458
37.14	19.7779064178	18.981		-0.326113849878	-1.54976179484
37.24	19.7435359955	18.933		-0.343695580959	-1.56916691146
37.34	19.7059440613	18.885		-0.375917077065	-1.57201919243
37.44	19.6656665802	18.835		-0.398780465126	-1.5534088832
37.54	19.6212730408	18.785		-0.443940162659	-1.5545407212
37.64	19.5772361755	18.733		-0.440359979868	-1.54808149047
37.74	19.5331993103	18.681		-0.43599998951	-1.62942393737
37.84	19.4898796082	18.627		-0.433199673891	-1.63766998581
37.94	19.4438743591	18.573		-0.460050880909	-1.67879105055
38.04	19.4001960754	18.518		-0.43068292737	-1.72979866168
38.14	19.3541908264	18.462		-0.460050880909	-1.75038900429
38.24	19.3063964844	18.405		-0.477951705456	-1.76658511866
38.34	19.2586021423	18.347		-0.473219513893	-1.82117763311
38.44	19.2106285095	18.289		-0.47974178195	-1.86147973235
38.54	19.1617584229	18.229		-0.483853638172	-1.87905925347
38.64	19.1078777313	18.169		-0.538814425468	-1.87625960642
38.74	19.055606842	18.108		-0.522703707218	-1.8970461003
38.84	19.0020828247	18.046		-0.529934942722	-1.94016576258
38.94	18.9494552612	17.983		-0.526283919811	-1.99112950811
39.04	18.8961105347	17.919		-0.533444166183	-2.03120041972
39.14	18.8399028778	17.855		-0.551064193249	-2.05061748865
39.24	18.780292511	17.79		-0.594306945801	-1.9943652274
39.34	18.72032547	17.724		-0.599677205086	-2.02584023725
39.44	18.658208847	17.657		-0.615008115768	-2.02880037127
39.54	18.5962715149	17.59		-0.617578089237	-2.05091090717
39.64	18.5327243805	17.521		-0.623018503189	-2.04398778857
39.74	18.4668502808	17.452		-0.658749878407	-2.05376584383
39.84	18.4024066925	17.383		-0.644429266453	-2.05684380224
39.94	18.3374271393	17.312		-0.643365859985	-2.07252611507
40.04	18.2731628418	17.241		-0.640849113464	-2.14935364523
40.14	18.2053184509	17.169		-0.676650702953	-2.08533655006
40.24	18.1360416412	17.096		-0.685902357101	-2.106596793
40.34	18.0653343201	17.023		-0.707082033157	-2.106596793
40.44	17.9969539642	16.949		-0.682020962238	-2.09400616662
40.54	17.9289302826	16.874		-0.673495829105	-2.12736585433
40.64	17.8587589264	16.799		-0.69299185276	-2.18752304272
40.74	17.8587589264	16.723		-0.69299185276	-2.1928894098
40.84	17.7893028259	16.646		-0.694551587105	-4.33660245004
40.94	17.7060642242	16.569		-0.824146330357	-1.29184256037
41.04	17.6310596466	16.491		-0.742617845535	-2.44229146474
41.14	17.5383338928	16.413		-0.91808116436	-2.19043538202
41.24	17.4509773254	16.334		-0.871769607067	-2.1797006043
41.34	17.3627262115	16.254		-0.880719959736	-2.14654491288
41.44	17.2796669006	16.173		-0.82237392664	-2.20968503606
41.54	17.1878356934	16.092		-0.918311715126	-2.05431045526
41.64	17.100479126	16.011		-0.871769607067	-2.05784178131
41.74	17.0131225586	15.929		-0.864910423756	-2.03683887064
41.84	16.9221858978	15.846		-0.900357604027	-1.97821957403
41.94	16.8339347839	15.763		-0.880719959736	-1.98286514654
42.04	16.7433567047	15.679		-0.895040631294	-1.91639086343
42.14	16.6554641724	15.595		-0.868455171585	-1.95284667954
42.24	16.569360733	15.51		-0.852504074574	-1.94655513453
42.34	16.4807510376	15.425		-0.886090219021	-1.91466986382
42.44	16.3957214355	15.339		-0.850288629532	-1.94027637623
42.54	16.3126621246	15.253		-0.82237392664	-2.01218500768
42.64	16.2287063599	15.166		-0.839548110962	-1.9855758379
42.74	16.1438560486	15.079		-0.848498523235	-2.00830684404
42.84	16.0650920868	14.991		-0.779837310314	-2.11304765812
42.94	15.9823904037	14.903		-0.8270175457	-2.1046194792
43.04	15.8973617554	14.814		-0.848498523235	-2.07766768032
43.14	15.8105430603	14.725		-0.857821166515	-2.10092070532
43.24	15.7235450745	14.635		-0.868189394474	-2.08138048549
43.34	15.6369047165	14.545		-0.866399347782	-2.11884233426
43.44	15.5486536026	14.455		-0.873772263527	-2.10265575608
43.54	15.4589700699	14.364		-0.895040631294	-2.0759641043
43.64	15.3691082001	14.273		-0.889723539352	-2.10855567579
43.74	15.2837209702	14.181		-0.84541451931	-2.1724978057
43.84	15.1918897629	14.089		-0.918311715126	-2.10946723822
43.94	15.1027441025	13.997		-0.880861759186	-2.14952047258
44.04	15.0184316635	13.904		-0.833008110523	-2.2395710391
44.14	14.9344768524	13.811		-0.837758004665	-2.29793757387
44.24	14.8549976349	13.718		-0.786926865578	-2.40819896185
44.34	14.7731904984	13.624		-0.81627702713	-2.42499005912
44.44	14.6915626526	13.53		-0.81627702713	-2.50545904594
44.54	14.6104717255	13.436		-0.802877962589	-2.56420864001
44.64	14.5324239731	13.341		-0.780475497246	-2.6636822672
44.74	14.452586174	13.246		-0.790471494198	-2.74781451328
44.84	14.3680944443	13.151		-0.844918370247	-2.71284524531
44.94	14.2839603424	13.055		-0.839548110962	-2.76487656416
45.04	14.1994686127	12.959		-0.836552739143	-2.84188274362
45.14	14.1146183014	12.863		-0.840097546577	-2.87523022476
45.24	14.0242195129	12.767		-0.902200937271	-2.82329924215
45.34	13.9345359802	12.67		-0.887951135635	-2.86618238599
45.44	13.8418102264	12.573		-0.925472080708	-2.86166729243
45.54	13.750336647	12.476		-0.912941455841	-2.88000241135
45.64	13.6570730209	12.379		-0.921625971794	-2.88502665136
45.74	13.5629148483	12.281		-0.939792692661	-2.87342224973
45.84	13.4705467224	12.183		-0.923681914806	-2.9376116129
45.94	13.3799686432	12.085		-0.896813035011	-2.98656892386
46.04	13.2856311798	11.987		-0.943372786045	-2.94865982471
46.14	13.1948738098	11.889		-0.898585319519	-3.03050948557
46.24	13.1032218933	11.791		-0.914731502533	-3.03877224828
46.34	13.0106744766	11.692		-0.925472080708	-3.05113233941
46.44	12.916516304	11.593		-0.932260155678	-3.0890603551
46.54	12.8214626312	11.494		-0.94874304533	-3.06851010679
46.64	12.7273044586	11.395		-0.939792692661	-3.09805267023
46.74	12.6256275177	11.296		-1.00669908524	-3.01055704905
46.84	12.5287837982	11.197		-0.958845496178	-3.07159356528
46.94	12.4331932068	11.097		-0.954113304615	-3.08983121089
47.04	12.3333063126	10.998		-0.988975524902	-3.07381056515
47.14	12.2343149185	10.898		-0.988124847412	-3.03348454023
47.24	12.1342496872	10.798		-0.99074780941	-3.06689556673
47.34	12.0295295715	10.699		-1.04540741444	-2.96941748664
47.44	11.9307174683	10.599		-0.988124847412	-3.00563246327
47.54	11.8240289688	10.499		-1.05632507801	-2.9373262177
47.64	11.7180557251	10.399		-1.0597281456	-2.88676735815
47.74	11.6162004471	10.299		-1.01676619053	-2.92250965467
47.84	11.5064687729	10.199		-1.08645522594	-2.80211493265
47.94	11.4015703201	10.099		-1.04898750782	-2.81832154473
48.04	11.297208786	9.999		-1.04182732105	-2.80359054657
48.14	11.1885509491	9.899		-1.07404875755	-2.73181978318
48.24	11.0877695084	9.799		-1.00602567196	-2.80154300191
48.34	10.9873456955	9.699		-1.00423550606	-2.8013854585
48.44	10.8883543015	9.599		-0.989914894104	-2.82228096709
48.54	10.7929430008	9.499		-0.954113304615	-2.88627851627
48.64	10.6973524094	9.399		-0.946439027786	-2.91928941515
48.74	10.6012248993	9.3		-0.9594835639	-2.92444712835
48.84	10.5045604706	9.2		-0.966643869877	-2.9044237587
48.94	10.4125499725	9.1		-0.909219503403	-3.04892811323
49.04	10.3217926025	9.001		-0.905781149864	-3.08241497516
49.14	10.2287082672	8.901		-0.929052114487	-3.06119610725
49.24	10.1420679092	8.802		-0.857821166515	-3.24464042747
49.34	10.0518474579	8.702		-0.900410830975	-3.2008828567
49.44	9.96628189087	8.603		-0.853868722916	-3.35835141756
49.54	9.87713623047	8.504		-0.882634043694	-3.33487798603
49.64	9.78512573242	8.405		-0.920101761818	-3.33743252428
49.74	9.69490528107	8.306		-0.89149582386	-3.41235322595
49.84	9.59967327118	8.208		-0.952323257923	-3.35847300341
49.94	9.50676822662	8.109		-0.927262127399	-3.38381127717
50.04	9.41046142578	8.011		-0.951756119728	-3.4044493481
50.14	9.31558704376	7.913		-0.94874304533	-3.38291862776
50.24	9.22071266174	7.815		-0.946952939034	-3.41182809047
50.34	9.12315368652	7.717		-0.965934872627	-3.39153243175
50.44	9.02953243256	7.62		-0.936212480068	-3.44476231931
50.54	8.93519496918	7.522		-0.941582739353	-3.42444071638
50.64	8.84461688995	7.425		-0.896813035011	-3.55088097973
50.74	8.75296497345	7.328		-0.916521608829	-3.51396036656
50.84	8.65773296356	7.232		-0.952323257923	-3.49618785491
50.94	8.56142616272	7.135		-0.953528344631	-3.46767180783
51.04	8.46547794342	7.039		-0.949983775616	-3.51518216407
51.14	8.36594963074	6.943		-0.98365855217	-3.42418559646
51.24	8.26892757416	6.848		-0.968433916569	-3.44956382004
51.34	8.16957759857	6.752		-0.981886088848	-3.3918467851
51.44	8.07148075104	6.657		-0.969479680061	-3.43359908418
51.54	7.97123622894	6.563		-1.00244545937	-3.33291871392
51.64	7.87331867218	6.468		-0.967707276344	-3.34393115811
51.74	7.77790737152	6.374		-0.944666683674	-3.4085939092
51.84	7.68321228027	6.281		-0.935804843903	-3.37965717637
51.94	7.59227609634	6.187		-0.909361243248	-3.41101799557
52.04	7.50241422653	6.094		-0.889723539352	-3.4931483504
52.14	7.4111199379	6.001		-0.91115128994	-3.44099501994
52.24	7.32304811478	5.909		-0.870227634907	-3.52877930784
52.34	7.22924804688	5.817		-0.936212480068	-3.42154364461
52.44	7.1374168396	5.725		-0.918311715126	-3.45570760817
52.54	7.04594373703	5.634		-0.903902411461	-3.47760775761
52.64	6.952501297	5.543		-0.934422433376	-3.40921746573
52.74	6.85941696167	5.453		-0.930842280388	-3.41453218279
52.84	6.76848077774	5.363		-0.900357604027	-3.42395769937
52.94	6.67969274521	5.274		-0.887880325317	-3.46035915465
53.04	6.59000968933	5.184		-0.887951135635	-3.43639771369
53.14	6.49943161011	5.096		-0.896813035011	-3.46308074902
53.24	6.41404485703	5.008		-0.853868722916	-3.46475764379
53.34	6.32668876648	4.92		-0.856431007385	-3.50091586004
53.44	6.23611068726	4.833		-0.905781149864	-3.43060637744
53.54	6.14964962006	4.746		-0.86460930109	-3.45732329627
53.64	6.06175661087	4.659		-0.868455171585	-3.46746754256
53.74	5.97440052032	4.574		-0.873559653759	-3.45766429484
53.84	5.89241456985	4.488		-0.818067193031	-3.49115320626
53.94	5.80792284012	4.404		-0.836552739143	-3.53329709351
54.04	5.72611618042	4.319		-0.81627702713	-3.50822243165
54.14	5.64251947403	4.236		-0.835967898369	-3.54645298555
54.24	5.55874347687	4.152		-0.821331441402	-3.54645298555
54.34	5.47281932831	4.07		-0.859239041805	-3.50360730698
54.44	5.38975954056	3.988		-0.830597698689	-3.50271471275
54.54	5.38975954056	3.906		-0.830597698689	-3.46890490511
54.64	5.30705785751	3.825		-0.817056775093	-5.82368573235
54.74	5.21737480164	3.745		-0.896830677986	-2.53281110655
54.84	5.12983989716	3.665		-0.856431007385	-3.70588966395
54.94	5.04194688797	3.586		-0.878929972649	-3.661581757
55.04	4.96103525162	3.507		-0.809116721153	-3.71555380912
55.14	4.87278413773	3.43		-0.871999979019	-3.62135924254
55.24	4.78632307053	3.352		-0.862819135189	-3.54250986404
55.34	4.6978931427	3.276		-0.884300112724	-3.52570352792
55.44	4.60821008682	3.2		-0.886178731918	-3.40227278346
55.54	4.51172447205	3.124		-0.963063716888	-3.25056552528
55.64	4.41881942749	3.05		-0.929052114487	-3.21043994615
55.74	4.32376623154	2.976		-0.939349472523	-3.05849629788
55.84	4.23050308228	2.902		-0.932632386684	-3.00684377766
55.94	4.138671875	2.83		-0.907447099686	-2.95894335553
56.04	4.04648256302	2.758		-0.92189180851	-2.80203671434
56.14	3.95787358284	2.687		-0.886090219021	-2.79970840207
56.24	3.86926460266	2.616		-0.877317070961	-2.71096549006
56.34	3.78298258781	2.547		-0.861029028893	-2.67875392145
56.44	3.69849085808	2.478		-0.84312826395	-2.58524362361
56.54	3.61364102364	2.409		-0.838325202465	-2.55618442589
56.64	3.53326630592	2.342		-0.803746461868	-2.54775103804
56.74	3.45593476295	2.275		-0.76565849781	-2.50680671438
56.84	3.37842416763	2.209		-0.76565849781	-2.49455559306
56.94	3.30037665367	2.144		-0.772747993469	-2.41402492606
57.04	3.22573018074	2.079		-0.744673788548	-2.40054946334
57.14	3.15000963211	2.016		-0.74970728159	-2.36582345315
57.24	3.07572126389	1.953		-0.742883741856	-2.28007675904
57.34	3.00340199471	1.891		-0.716032505035	-2.30374229502
57.44	2.93054580688	1.83		-0.728563010693	-2.22087027827
57.54	2.85768938065	1.77		-0.721349596977	-2.17252663196
57.64	2.78572821617	1.71		-0.712487816811	-2.12507747479
57.74	2.71645212173	1.652		-0.692761421204	-2.12263106893
57.84	2.64735507965	1.594		-0.690971314907	-2.03132696768
57.94	2.58076405525	1.537		-0.659317016602	-2.0678560392
58.04	2.5165002346	1.481		-0.642639160156	-2.03700599755
58.14	2.45259428024	1.426		-0.639059007168	-2.00189958884
58.24	2.38833045959	1.372		-0.634504079819	-1.96041317802
58.34	2.32693076134	1.318		-0.613997876644	-1.94925271096
58.44	2.26732110977	1.266		-0.596097052097	-1.96527268517
58.54	2.20878553391	1.215		-0.585356533527	-1.90878820289
58.64	2.15132403374	1.164		-0.574616074562	-1.90136309621
58.74	2.09422039986	1.114		-0.565382003784	-1.90770833494
58.84	2.03747487068	1.066		-0.567455708981	-1.85500486045
58.94	1.9821614027	1.018		-0.553135097027	-1.81171964077
59.04	1.92756390572	0.971		-0.540569067001	-1.83327887212
59.14	1.87296640873	0.926		-0.54597479105	-1.77242570666
59.24	1.81783187389	0.881		-0.549554944038	-1.69257735549
59.34	1.76538252831	0.837		-0.519300758839	-1.73162882019
59.44	1.71329116821	0.795		-0.515756130219	-1.68091587725
59.54	1.66137886047	0.753		-0.519123613834	-1.60267791385
59.64	1.60946655273	0.712		-0.513983666897	-1.59749344661
59.74	1.55791223049	0.672		-0.515543341637	-1.52784509031
59.84	1.50743198395	0.634		-0.499804854393	-1.49521082542
59.94	1.46035289764	0.596		-0.470791369677	-1.46340499327
60.04	1.41005158424	0.56		-0.496260106564	-1.41024104398
60.14	1.36225640774	0.524		-0.473219513893	-1.34381068052
60.24	1.31517732143	0.49		-0.470791369677	-1.32900514629
60.34	1.27686953545	0.457		-0.383077383041	-1.3861817882
60.44	1.2426789999	0.424		-0.33852031827	-1.45626952093
60.54	1.19148266315	0.393		-0.511963248253	-1.16098289449
60.64	1.15389096737	0.363		-0.375917077065	-1.26726481216
60.74	1.12560772896	0.334		-0.277287095785	-1.42724663756
60.84	1.07852864265	0.307		-0.470791369677	-1.08019911872
60.94	1.04129493237	0.28		-0.372336894274	-1.13278306602
61.04	1.0131906271	0.255		-0.278260111809	-1.2938139714
61.14	0.967722535133	0.23		-0.454680621624	-0.919869561912
61.24	0.945883512497	0.207		-0.216227605939	-1.29479149953
61.34	0.910797894001	0.185		-0.350855916739	-1.014588416
61.44	0.878755450249	0.164		-0.315479636192	-1.02853562506
61.54	0.850651144981	0.145		-0.278260111809	-1.04491376623
61.64	0.822188854218	0.126		-0.284622907639	-0.964207724049
61.74	0.801602900028	0.109		-0.205859333277	-1.1051297045
61.84	0.773856639862	0.093		-0.274715423584	-0.919705706492
61.94	0.755418777466	0.079		-0.182552844286	-1.04856405214
62.04	0.734832823277	0.065		-0.205859333277	-0.962499520235
62.14	0.713172852993	0.053		-0.214455291629	-0.951233800092
62.24	0.693481981754	0.042		-0.196908935905	-0.897839215296
62.34	0.672001004219	0.032		-0.212682902813	-0.839120745545
62.44	0.65141505003	0.024		-0.205859333277	-0.795069291862
62.54	0.639779508114	0.016		-0.116355285048	-0.882870500417
62.64	0.631187140942	0.011		-0.0850731730461	-0.963688947552
62.74	0.617403507233	0.006		-0.137836262584	-0.783507109043
62.84	0.603977918625	0.003		-0.134256094694	-0.800438589476
62.94	0.581780910492	0.001		-0.217999994755	-0.550278960909
63.04	0.556898772717	0.001		-0.248821288347	-0.40652660689
