%1-Time(seg)	2-Pos_Encoder	3-x_ref	4-Velo_Encoder(m/s)	5-Torque(N.m)
3.46	-0.0699921771884	0.0		-0.216599836946	-0.945633920297
3.46	-0.0699921771884	0.0		-0.216599836946	-0.945633920297
3.56	-0.106151819229	0.003		-0.356243908405	-0.424168850926
3.66	-0.132824033499	0.011		-0.266722083092	-0.186992855655
3.76	-0.147144690156	0.026		-0.143206492066	-0.0536152374243
3.86	-0.156095102429	0.045		-0.0886178836226	0.23299419982
3.96	-0.159675270319	0.07		-0.0358016230166	0.472154606029
4.06	-0.159854277968	0.1		-0.00177235761657	0.84344751727
4.16	-0.159854277968	0.135		0.0	1.31624786982
4.26	-0.160033285618	0.175		-0.00179008126725	1.8913510153
4.36	-0.168804690242	0.221		-0.0850731730461	2.77033472496
4.46	-0.149113789201	0.27		0.194959327579	2.93172093425
4.56	-0.114386215806	0.325		0.347275793552	3.09114098989
4.66	-0.0613998100162	0.384		0.519474565983	3.19214124317
4.76	0.00537022948265	0.447		0.667700350285	3.18667704024
4.86	0.0834177732468	0.515		0.780475497246	3.18798254516
4.96	0.167730599642	0.587		0.834780395031	3.29218948405
5.06	0.258487731218	0.663		0.907571196556	3.33742902619
5.16	0.359090298414	0.743		1.00423550606	3.29820178268
5.26	0.469180285931	0.827		1.08822762966	3.22021314851
5.36	0.58553558588	0.915		1.1635529995	3.10608139434
5.46	0.698131680489	1.007		1.11481297016	3.2402474802
5.56	0.81681406498	1.102		1.18503379822	3.17780967189
5.66	0.926008999348	1.2		1.0919495821	3.42657340065
5.76	1.04630243778	1.302		1.18925189972	3.34519220996
5.86	1.15585541725	1.407		1.09373962879	3.65078648451
5.96	1.27059960365	1.515		1.14565193653	3.70813853026
6.06	1.3883869648	1.626		1.16621124744	3.80039183779
6.16	1.50348925591	1.74		1.15102231503	3.97354642032
6.26	1.61894953251	1.857		1.15460240841	4.13752041951
6.36	1.73781096935	1.976		1.17507302761	4.27526032241
6.46	1.85935747623	2.098		1.21367514133	4.34693327917
6.56	1.98430514336	2.222		1.23533332348	4.4586236744
6.66	2.11050581932	2.349		1.26200735569	4.52792378024
6.76	2.24046564102	2.478		1.29780888557	4.6026589043
6.86	2.37203669548	2.609		1.30091035366	4.70168205109
6.96	2.50575566292	2.742		1.33540070057	4.7536210338
7.06	2.64430785179	2.877		1.37003231049	4.78183459185
7.16	2.78393411636	3.013		1.38066649437	4.84218064167
7.26	2.92875170708	3.152		1.44638562202	4.75975048996
7.36	3.07947659492	3.292		1.50545835495	4.68941819172
7.46	3.23091745377	3.433		1.49941456318	4.39195237655
7.56	3.38486433029	3.576		1.53946983814	4.22906644708
7.66	3.53684234619	3.72		1.50295937061	4.24374077671
7.76	3.68989419937	3.865		1.52872955799	4.16416553389
7.86	3.84151411057	4.011		1.51440870762	4.16854103888
7.96	3.98955392838	4.157		1.46396744251	4.26373894628
8.06	4.13526630402	4.305		1.44269919395	4.31753576277
8.16	4.28670740128	4.453		1.51261866093	4.25295380117
8.26	4.43259906769	4.602		1.44269919395	4.36117694215
8.36	4.58117580414	4.752		1.46928441525	4.36227430278
8.46	4.72903633118	4.901		1.47860705853	4.36875346417
8.56	4.88047742844	5.051		1.49764215946	4.36875346417
8.66	5.03549861908	5.201		1.54842031002	4.30769592996
8.76	5.18747663498	5.351		1.5197789669	4.22812333528
8.86	5.18747663498	5.501		1.5197789669	4.24253714466
8.96	5.34303474426	5.651		1.54017877579	8.25630252918
9.06	5.50808048248	5.8		1.64866483212	4.50875978451
9.16	5.67903327942	5.949		1.69082903862	5.16513238638
9.26	5.85284996033	6.097		1.73637878895	4.97586959321
9.36	6.02791976929	6.245		1.7506994009	4.47363740498
9.46	6.20388460159	6.392		1.74045526981	4.31789185053
9.56	6.37591123581	6.538		1.70323562622	4.24061611677
9.66	6.54758024216	6.683		1.69791865349	4.16114944068
9.76	6.72032308578	6.826		1.70855271816	4.07131343383
9.86	6.88644266129	6.969		1.66119539738	4.07631557736
9.96	7.04468584061	7.11		1.56499171257	3.92777052928
10.06	7.19684267044	7.25		1.50473153591	3.85651663489
10.16	7.34416627884	7.389		1.47323691845	3.79309900535
10.26	7.48737287521	7.525		1.41788613796	3.78043755574
10.36	7.62789440155	7.66		1.40342366695	3.65667423629
10.46	7.76734161377	7.793		1.39447331429	3.56060711987
10.56	7.90123987198	7.924		1.32395100594	3.55071022051
10.66	8.03030490875	8.053		1.28885853291	3.51930386296
10.76	8.16223430634	8.18		1.31928992271	3.34395769108
10.86	8.29308891296	8.304		1.29382109642	3.22897155997
10.96	8.42072200775	8.426		1.27453780174	3.07825201724
11.06	8.54745960236	8.545		1.26737761497	2.92509568631
11.16	8.67276573181	8.662		1.24065029621	2.75521610605
11.26	8.79914569855	8.776		1.26379728317	2.50116514099
11.36	8.91693305969	8.887		1.17787349224	2.41866987856
11.46	9.03328800201	8.995		1.1635529995	2.23649427816
11.56	9.14266204834	9.1		1.0919495821	2.16657035414
11.66	9.24935054779	9.201		1.0545527935	2.05866603208
11.76	9.34995269775	9.3		1.00602567196	1.95672784543
11.86	9.44572162628	9.395		0.957693517208	1.92231136142
11.96	9.53844738007	9.486		0.916308879852	1.8352720056
12.06	9.62365531921	9.574		0.850288629532	1.81905557139
12.16	9.70403003693	9.658		0.79578858614	1.83542544107
12.26	9.77921390533	9.738		0.744390249252	1.84250783069
12.36	9.85726165771	9.814		0.780475497246	1.65848043815
12.46	9.9267168045	9.886		0.692761421204	1.68907675714
12.56	9.99384498596	9.954		0.664634048939	1.63894715737
12.66	10.0556030273	10.017		0.617578089237	1.62827611553
12.76	10.1162872314	10.076		0.599056899548	1.53666427086
12.86	10.1751804352	10.13		0.58893674612	1.42642513541
12.96	10.2297782898	10.18		0.544184684753	1.33840298589
13.06	10.2602100372	10.225		0.301300793886	1.78841555883
13.16	10.3165979385	10.265		0.558292686939	1.19363154205
13.26	10.343091011	10.3		0.2649320364	1.62176260828
13.36	10.4014472961	10.33		0.57778865099	0.830557905639
13.46	10.4157676697	10.355		0.143206492066	1.48260622534
13.56	10.4623098373	10.375		0.465421140194	0.705570016305
13.66	10.4673223495	10.389		0.0496260076761	1.33766682536
13.76	10.4683961868	10.397		0.010740486905	1.44744428313
13.86	10.4866552353	10.4		0.182588279247	0.986687262562
13.96	10.4959640503	10.4		0.0930842235684	0.941868341784
14.06	10.5038404465	10.4		0.0787635743618	0.805179436542
14.16	10.5108213425	10.4		0.0673495829105	0.70575414125
14.26	10.5186977386	10.4		0.0787635743618	0.52723095253
14.36	10.5267534256	10.4		0.0805536583066	0.345926551433
14.46	10.5346298218	10.4		0.0779837444425	0.161743895298
14.56	10.5426855087	10.4		0.0797560960054	0.161743895298
14.66	10.5473394394	10.4		0.0465421117842	0.161743895298
14.76	10.5473394394	10.4		0.0	-0.223919587917
14.86	10.5484132767	10.4		0.0106341466308	-0.382634570853
14.96	10.5584373474	10.4		0.100244559348	-0.766343167161
15.06	10.5750846863	10.4		0.16482925415	-1.20809072389
15.16	10.5926275253	10.4		0.175427958369	-1.59473775151
15.26	10.5638074875	10.4		-0.285349577665	-0.787148693782
15.36	10.5365982056	10.4		-0.272092342377	-0.629716416678
15.46	10.5031232834	10.4		-0.334745168686	-0.310599552707
15.56	10.4886236191	10.4		-0.142153516412	-0.572091211391
15.66	10.4712600708	10.4		-0.17184779048	-0.495767239254
15.76	10.453537941	10.4		-0.177218034863	-0.199742212459
15.86	10.4487047195	10.4		-0.0478536561131	-0.381075851569
15.96	10.4386806488	10.4		-0.100244559348	-0.283519387348
16.06	10.4275817871	10.4		-0.110985040665	-0.236914336747
16.16	10.4066381454	10.4		-0.207365840673	-0.00878754014761
16.26	10.3860521317	10.4		-0.205859333277	0.0668186935395
16.36	10.3799657822	10.4		-0.0608627647161	0.0668186935395
16.46	10.3787126541	10.4		-0.012406501919	0.0668186935395
16.56	10.3783550262	10.4		-0.00358016253449	-0.430641420315
16.66	10.3756694794	10.4		-0.0263247247785	-0.437892822335
16.76	10.367972374	10.4		-0.076973490417	-0.35366766033
16.86	10.3590221405	10.4		-0.0895040631294	-0.311510026096
16.96	10.3481025696	10.4		-0.108113802969	-0.254426247775
17.06	10.3248319626	10.4		-0.232710570097	0.362640129596
17.16	10.3205356598	10.4		-0.0429619476199	0.209301650951
17.26	10.3178501129	10.4		-0.0265853628516	0.267486700967
17.36	10.3173131943	10.4		-0.00537024345249	0.301910608613
17.46	10.3173131943	10.4		0.0	0.360471079679
17.56	10.3171339035	10.4		-0.00177235761657	0.437619810592
17.66	10.3171339035	10.4		0.0	0.51315249184
17.76	10.3171339035	10.4		0.0	0.595477552881
17.86	10.3171339035	10.4		0.0	0.68086957616
17.96	10.3171339035	10.4		0.0	0.768469812252
18.06	10.3171339035	10.4		0.0	0.857659961568
18.16	10.3171339035	10.4		0.0	0.947994848405
18.26	10.3171339035	10.4		0.0	1.03915394626
18.36	10.3171339035	10.4		0.0	1.13090647604
18.46	10.3171339035	10.4		0.0	1.22308627682
18.56	10.3171339035	10.4		0.0	1.31557371271
18.66	10.3171339035	10.4		0.0	1.40828264588
18.76	10.3171339035	10.4		0.0	1.50115105709
18.86	10.3439855576	10.4		0.268512189388	0.659078436155
18.96	10.3540096283	10.4		0.0992520153522	0.790737955826
19.06	10.3581266403	10.4		0.0393817871809	0.861246135234
19.16	10.3688669205	10.4		0.107404880226	0.711818798567
19.26	10.3758478165	10.4		0.0691219493747	0.74727285904
19.36	10.3826503754	10.4		0.0680230855942	0.740516337732
19.46	10.3885574341	10.4		0.0584878027439	0.756194518067
19.56	10.3950014114	10.4		0.0644429177046	0.745534364278
19.66	10.4025201797	10.4		0.0751834064722	0.719721429349
19.76	10.4100389481	10.4		0.0744390264153	0.713258813497
19.86	10.4175577164	10.4		0.0751834064722	0.705555569502
19.96	10.4252548218	10.4		0.076973490417	0.696630031296
20.06	10.4327735901	10.4		0.0744390264153	0.698446583256
20.16	10.4402923584	10.4		0.0751834064722	0.694890763729
20.26	10.4478111267	10.4		0.0751834064722	0.693237461596
20.36	10.455329895	10.4		0.0744390264153	0.694190356715
20.46	10.4630270004	10.4		0.076973490417	0.687540190163
20.56	10.4705457687	10.4		0.0737092271447	0.383126641276
20.66	10.478064537	10.4		0.0751834064722	0.220532158613
20.76	10.4846878052	10.4		0.0662330091	0.0799409563253
20.86	10.4911317825	10.4		0.0638048797846	0.0799409563253
20.96	10.4952487946	10.4		0.0411718674004	0.0799409563253
21.06	10.4952487946	10.4		0.0	-0.185298711342
21.16	10.4952487946	10.4		0.0	-0.269896233793
21.26	10.4952487946	10.4		0.0	-0.360700522685
21.36	10.4952487946	10.4		0.0	-0.455973683414
21.46	10.4952487946	10.4		0.0	-0.554464431867
21.56	10.4952487946	10.4		0.0	-0.65527184348
21.66	10.4952487946	10.4		0.0	-0.757747252569
21.76	10.4952487946	10.4		0.0	-0.86142361984
21.86	10.4952487946	10.4		0.0	-0.965964677002
21.96	10.4952487946	10.4		0.0	-1.07112831089
22.06	10.4952487946	10.4		0.0	-1.17674020001
22.16	10.4952487946	10.4		0.0	-1.28267483291
22.26	10.4952487946	10.4		0.0	-1.38884184132
22.36	10.4952487946	10.4		0.0	-1.4951761601
22.46	10.4952487946	10.4		0.0	-1.60163094236
22.56	10.4952487946	10.4		0.0	-1.70817245831
22.66	10.4952487946	10.4		0.0	-1.81477642252
22.76	10.4952487946	10.4		0.0	-1.92142534947
22.86	10.4952487946	10.4		0.0	-2.02810664961
22.96	10.4952487946	10.4		0.0	-2.13481125844
23.06	10.4952487946	10.4		0.0	-2.24153264952
23.16	10.4952487946	10.4		0.0	-2.34826612383
23.26	10.4952487946	10.4		0.0	-2.45500829805
23.36	10.4952487946	10.4		0.0	-2.56175673623
23.46	10.4952487946	10.4		0.0	-2.66850968444
23.56	10.4952487946	10.403		0.0	-2.77526587988
23.66	10.4952487946	10.411		0.0	-2.80150910559
23.76	10.4952487946	10.426		0.0	-2.76298223639
23.86	10.4952487946	10.445		0.0	-2.33333626021
23.96	10.4952487946	10.47		0.0	-2.18015281137
24.06	10.4952487946	10.5		0.0	-1.98194065494
24.16	10.4952487946	10.535		0.0	-1.82303045913
24.26	10.4952487946	10.575		0.0	-1.66582228023
24.36	10.4952487946	10.62		0.0	-1.1658814197
24.46	10.4952487946	10.669		0.0	-0.674923805932
24.56	10.4952487946	10.723		0.0	-0.674923805932
24.66	10.4952487946	10.782		0.0	-0.125056163333
24.76	10.4952487946	10.845		0.0	0.539124492795
24.86	10.5181617737	10.912		0.219772338867	2.96936702423
24.96	10.5181617737	10.984		0.219772338867	1.88760252456
25.06	10.5335569382	11.059		0.153946980834	3.14759537879
25.16	10.5600500107	11.139		0.262308895588	3.78714310945
25.26	10.59907341	11.222		0.390237748623	4.40783350297
25.36	10.658862114	11.309		0.590195119381	4.74254263545
25.46	10.7413845062	11.399		0.815284490585	4.91417974657
25.56	10.8407344818	11.493		0.993495106697	5.00511808091
25.66	10.9535093307	11.59		1.11481297016	5.1376355385
25.76	11.0757722855	11.691		1.20874798298	5.24584922929
25.86	11.2057323456	11.794		1.29780888557	5.35296464495
25.96	11.3424949646	11.901		1.35230886936	5.43621585362
26.06	11.4851646423	12.01		1.41256904602	5.52918846627
26.16	11.6287288666	12.122		1.43564510345	5.61634105315
26.26	11.7762317657	12.237		1.44434988499	5.75232262181
26.36	11.9325056076	12.355		1.56095099449	5.63320317177
26.46	12.0941495895	12.475		1.61644327641	5.53670887357
26.56	12.2574052811	12.597		1.61639022827	5.47669383743
26.66	12.4258518219	12.721		1.68267631531	5.25875591893
26.76	12.5942983627	12.847		1.68446648121	5.10729325742
26.86	12.760597229	12.976		1.64474785328	5.0212081065
26.96	12.9302968979	13.106		1.69520699978	4.58995423831
27.06	13.0946264267	13.238		1.64150452614	4.53300479946
27.16	13.25573349	13.371		1.5951218605	4.5774571514
27.26	13.4229269028	13.506		1.65360975266	4.44816411602
27.36	13.5851078033	13.643		1.6218136549	4.15414450377
27.46	13.7454986572	13.78		1.57070839405	4.02808912028
27.56	13.8983716965	13.919		1.52693927288	3.88658681223
27.66	14.0510654449	14.059		1.51004874706	3.76244986971
27.76	14.1985683441	14.2		1.45865046978	3.68901587542
27.86	14.3405218124	14.341		1.41953444481	3.64638279425
27.96	14.4812221527	14.483		1.39130079746	3.5870273281
28.06	14.6163730621	14.626		1.34972119331	3.61160270375
28.16	14.7502708435	14.77		1.33719074726	3.61084531812
28.26	14.883810997	14.913		1.32217884064	3.62665920292
28.36	15.0130548477	15.057		1.2924387455	3.65609732446
28.46	15.1394348145	15.201		1.26379728317	3.77686366848
28.56	15.2652778625	15.345		1.24596738815	4.1552331593
28.66	15.3916578293	15.489		1.26200735569	4.25334549657
28.76	15.5200071335	15.633		1.26900815964	4.32350274545
28.86	15.6478185654	15.776		1.27632796764	4.36607833602
28.96	15.7799263	15.919		1.32107996941	4.29193766668
29.06	15.9136457443	16.061		1.32217884064	4.29242946779
29.16	16.0548839569	16.202		1.41058409214	4.09384335411
29.26	16.2031021118	16.343		1.48218727112	3.8827154319
29.36	16.3545436859	16.483		1.49941456318	3.7705511257
29.46	16.511713028	16.622		1.55613005161	3.56755261584
29.56	16.6656608582	16.759		1.53767979145	3.49832967134
29.66	16.8163852692	16.896		1.4905526638	3.49414352038
29.76	16.9617404938	17.031		1.45354604721	3.55786746884
29.86	17.1045894623	17.164		1.39872038364	3.30552291187
29.96	17.2406349182	17.296		1.35867166519	3.23182703182
30.06	17.3689842224	17.426		1.28348827362	3.29943371444
30.16	17.5016288757	17.555		1.29868650436	3.17747765989
30.26	17.6256809235	17.681		1.23873639107	3.234184304
30.36	17.7509860992	17.805		1.25305688381	3.11510558928
30.46	17.873249054	17.927		1.20874798298	3.41545734141
30.56	17.998374939	18.047		1.25126671791	3.07164250486
30.66	18.1208171844	18.164		1.2244155407	2.97537398397
30.76	18.2416477203	18.279		1.18285763264	2.89064017451
30.86	18.3619403839	18.391		1.20293450356	2.71934609631
30.96	18.4804439545	18.501		1.18324375153	2.56598989579
31.06	18.5935764313	18.607		1.10739338398	2.55687423234
31.16	18.703666687	18.711		1.09910988808	2.39800073577
31.26	18.8076705933	18.811		1.02973985672	2.41217094818
31.36	18.9082736969	18.908		0.994292616844	2.33742972713
31.46	19.0042228699	19.002		0.9594835639	2.29660255225
31.56	19.0956954956	19.093		0.905674695969	2.29388555664
31.66	19.1800079346	19.179		0.833008110523	2.36889233039
31.76	19.2618141174	19.263		0.818067193031	2.30147153339
31.86	19.3387870789	19.342		0.762113690376	2.38846024326
31.96	19.4159393311	19.417		0.771525025368	2.26123298805
32.06	19.4918384552	19.489		0.758994460106	2.16941289623
32.16	19.564874649	19.556		0.721349596977	2.13084339844
32.26	19.6380882263	19.619		0.724894225597	1.9414757327
32.36	19.7098712921	19.678		0.708943068981	1.77759893082
32.46	19.7775363922	19.732		0.668178796768	1.64151674116
32.56	19.8405475616	19.781		0.630108594894	1.47647804055
32.66	19.9049911499	19.826		0.638048768044	1.18824142216
32.76	19.9390029907	19.866		0.340115427971	1.62424228619
32.86	20.0004024506	19.901		0.613997876644	0.90348956062
32.96	20.0451545715	19.931		0.443089365959	0.893683369002
33.06	20.0680675507	19.955		0.229130402207	1.14926659347
33.16	20.0986785889	19.975		0.30431380868	0.838231726669
33.26	20.1201591492	19.989		0.212682902813	0.837779346426
33.36	20.1326904297	19.997		0.125305682421	0.819755052707
33.46	20.1368083954	20.0		0.0411718674004	0.839237919353
33.56	20.1373462677	20.0		0.00531707331538	0.79301749347
33.66	20.1377048492	20.0		0.00358016253449	0.679021526404
33.76	20.138420105	20.0		0.00708943046629	0.584007560997
33.86	20.1434326172	20.0		0.0501222796738	0.348828556286
33.96	20.1513080597	20.0		0.0787635743618	0.0846829618751
34.06	20.1548881531	20.0		0.0354471541941	0.0846829618751
34.16	20.1554260254	20.0		0.00537024345249	0.0846829618751
34.26	20.1554260254	20.0		0.0	-0.283094306254
34.36	20.1563205719	20.0		0.00886178854853	-0.461735151321
34.46	20.1625862122	20.0		0.0626528412104	-0.776127561162
34.56	20.1724319458	20.0		0.0984544679523	-1.10753279749
34.66	20.1509513855	20.0		-0.210597798228	-0.601075103827
34.76	20.1280384064	20.0		-0.229130402207	-0.459480168025
34.86	20.1010074615	20.0		-0.267626017332	-0.250984213021
34.96	20.0793476105	20.0		-0.216599836946	-0.223337773395
35.06	20.0623416901	20.0		-0.170057713985	0.0256752360682
35.16	20.0612678528	20.0		-0.0106341466308	0.0256752360682
35.26	20.0607299805	20.0		-0.00537024345249	0.0256752360682
35.36	20.0594768524	20.0		-0.0125305699185	-0.276677415676
35.46	20.0566120148	20.0		-0.0283577218652	-0.259193507218
35.56	20.0474834442	20.0		-0.0903902426362	-0.127233666933
35.66	20.0371017456	20.0		-0.103824712336	-0.0585554814075
35.76	20.0277938843	20.0		-0.0921625941992	-0.0474591872429
35.86	20.0122203827	20.0		-0.155737057328	0.108083171636
35.96	20.0064926147	20.0		-0.0572826005518	0.108083171636
36.06	20.0052394867	20.0		-0.012406501919	0.108083171636
36.16	20.0020179749	20.0		-0.0322214588523	-0.172903692693
36.26	19.9989757538	20.0		-0.0301300808787	-0.197472655801
36.36	19.9891300201	20.0		-0.0984544679523	-0.0674919523175
36.46	19.9792842865	20.0		-0.0984544679523	-0.035621705146
36.56	19.9690799713	20.0		-0.101024389267	-0.00625668055364
36.66	19.9590549469	20.0		-0.100244559348	0.0100311302087
36.76	19.9547595978	20.0		-0.0429619476199	0.0100311302087
36.86	19.954580307	20.0		-0.00177235761657	0.0100311302087
36.96	19.9522533417	20.0		-0.0232710558921	-0.215446576736
37.06	19.9508209229	20.0		-0.0141788609326	-0.254333133316
37.16	19.9427661896	20.0		-0.0779837444425	-0.136689946396
37.26	19.9339942932	20.0		-0.0868455246091	-0.0908704359647
37.36	19.9202098846	20.0		-0.137836262584	0.390891260036
37.46	19.9148387909	20.0		-0.0531707257032	0.427936847553
37.56	19.9148387909	20.0		0.0	0.43630013168
37.66	19.9146595001	20.0		-0.00175498158205	0.521612091287
37.76	19.9144802094	20.0		-0.00179008126725	0.612309426494
37.86	19.9144802094	20.0		0.0	0.698755782657
37.96	19.913942337	20.0		-0.00531707331538	0.800653658673
38.06	19.9137630463	20.0		-0.00179008126725	0.890061640238
38.16	19.9137630463	20.0		0.0	0.979923384591
38.26	19.9137630463	20.0		0.0	1.07350939442
38.36	19.9134044647	20.0		-0.00358016253449	1.18091933123
38.46	19.913225174	20.0		-0.00179008126725	1.27606720504
38.56	19.913225174	20.0		0.0	1.3694648034
38.66	19.9128665924	20.0		-0.00358016253449	1.47452836235
38.76	19.9060649872	20.0		-0.0680230855942	1.7418896326
38.86	19.934885025	20.0		0.285349577665	0.731646708261
38.96	19.9390029907	20.0		0.0407642312348	0.994218225905
39.06	19.9416885376	20.0		0.0265853628516	0.993516829207
39.16	19.9436569214	20.0		0.0196908935905	0.995334723796
39.26	19.9456253052	20.0		0.0196908935905	0.990271652256
39.36	19.9479522705	20.0		0.0230406485498	0.98017231555
39.46	19.9479522705	20.0		0.0230406485498	0.98017231555
39.56	19.9527854919	20.0		0.0232710558921	0.971330171541
39.66	19.9527854919	20.0		0.0232710558921	0.97108617882
39.76	19.9543972015	20.0		0.0157948341221	0.984151293246
39.86	19.9567241669	20.0		0.0232710558921	0.972123076573
39.96	19.9585151672	20.0		0.0179008115083	0.98059387827
40.06	19.9603061676	20.0		0.0159512199461	0.986444442475
40.16	19.962097168	20.0		0.0179008115083	0.984531444101
40.26	19.9642448425	20.0		0.0212682932615	0.978520673612
40.36	19.9662132263	20.0		0.0194959361106	0.981227626632
40.46	19.9676456451	20.0		0.014320650138	0.992115940998
40.56	19.9701519012	20.0		0.0248130038381	0.971734075007
40.66	19.972120285	20.0		0.0196908935905	0.977830914512
40.76	19.9739112854	20.0		0.0179008115083	0.981972284458
40.86	19.9762382507	20.0		0.0230406485498	0.972375613489
40.96	19.9783859253	20.0		0.02148097381	0.974320869945
41.06	19.9805335999	20.0		0.02148097381	0.973900696342
41.16	19.9826812744	20.0		0.0212682932615	0.973598171347
41.26	19.9846496582	20.0		0.0196908935905	0.975531813367
41.36	19.9864406586	20.0		0.0179008115083	0.980316931634
41.46	19.9887676239	20.0		0.0230406485498	0.971183759455
41.56	19.9905586243	20.0		0.0161107294261	0.984221551303
41.66	19.9919910431	20.0		0.0141788609326	0.991539531645
41.76	19.9939594269	20.0		0.0196908935905	0.982074844177
41.86	19.9948539734	20.0		0.00895040575415	1.00440060589
41.96	19.996465683	20.0		0.0159512199461	0.995386787047
42.06	19.9980773926	20.0		0.0161107294261	0.995273913551
42.16	20.0002250671	20.0		0.02148097381	0.984433828373
42.26	20.0011196136	20.0		0.00886178854853	1.00700955339
42.36	20.0027313232	20.0		0.0161107294261	0.997265229244
42.46	20.0045223236	20.0		0.0179008115083	0.992322410575
42.56	20.0095348358	20.0		0.0496260076761	0.921803782736
42.66	20.0141887665	20.0		0.0465421117842	0.90657861126
42.76	20.0190219879	20.0		0.0473845042288	0.892890637091
42.86	20.0236759186	20.0		0.0465421117842	0.88303529569
42.96	20.0283298492	20.0		0.0465421117842	0.875939449881
43.06	20.0333423615	20.0		0.0496260076761	0.864388796744
43.16	20.0381755829	20.0		0.048332195729	0.86309245501
43.26	20.0428295135	20.0		0.0465421117842	0.862489287992
43.36	20.047662735	20.0		0.0478536561131	0.858998958002
43.46	20.0523166656	20.0		0.0465421117842	0.859541970147
43.56	20.0548229218	19.999		0.0250611398369	0.906304674183
43.66	20.0575084686	19.997		0.0265853628516	0.89317522114
43.76	20.0601940155	19.994		0.0268512200564	0.881732851257
43.86	20.0627002716	19.989		0.0250611398369	0.8700285592
43.96	20.0653858185	19.983		0.0265853628516	0.494703471079
44.06	20.0678920746	19.976		0.0250611398369	0.300724163199
44.16	20.0705776215	19.968		0.0265853628516	0.0874561486977
44.26	20.0732631683	19.958		0.0265853628516	0.0874561486977
44.36	20.0746955872	19.947		0.014320650138	-0.356856968851
44.46	20.0746955872	19.935		0.0	-0.556793122158
44.56	20.0763072968	19.921		0.0161107294261	-0.838801596951
44.66	20.0490989685	19.906		-0.272092342377	-0.40955283168
44.76	20.0421180725	19.89		-0.0691219493747	-0.877837902309
44.86	20.0292301178	19.873		-0.127609759569	-0.96065853659
44.96	20.0168781281	19.855		-0.123515605927	-1.15066831431
45.06	19.995218277	19.835		-0.212682902813	-1.12201856566
45.16	19.9717674255	19.814		-0.23450063169	-1.20259380042
45.26	19.9415149689	19.792		-0.302523732185	-1.1344870428
45.36	19.9100093842	19.769		-0.310162574053	-1.15447595426
45.46	19.8813686371	19.745		-0.286412984133	-1.26062734411
45.56	19.8455677032	19.72		-0.349241346121	-1.1877682
45.66	19.8117351532	19.693		-0.338325351477	-1.23265935798
45.76	19.7859573364	19.665		-0.257771670818	-1.50198845702
45.86	19.760717392	19.636		-0.249902427197	-1.67126144528
45.96	19.7317180634	19.606		-0.289993196726	-1.73853988009
46.06	19.6991386414	19.575		-0.325794786215	-1.77178147482
46.16	19.6651268005	19.543		-0.336747914553	-1.833468626
46.26	19.6298618317	19.51		-0.350855916739	-1.88610496695
46.36	19.592628479	19.475		-0.372336894274	-1.91492834754
46.46	19.5523509979	19.44		-0.398780465126	-1.93444621265
46.56	19.5101051331	19.403		-0.422459185123	-1.8943412093
46.66	19.4667854309	19.366		-0.433199673891	-1.64458029626
46.76	19.4252548218	19.327		-0.41118696332	-1.59572530474
46.86	19.3822937012	19.287		-0.429619520903	-1.55427538999
46.96	19.3404064178	19.247		-0.414731681347	-1.55771209341
47.06	19.299949646	19.205		-0.404558360577	-1.55708957212
47.16	19.2607460022	19.162		-0.392027765512	-1.62395613739
47.26	19.2193946838	19.118		-0.405400753021	-1.61849597627
47.36	19.1785812378	19.074		-0.408138513565	-1.63151998874
47.46	19.1390209198	19.028		-0.395607978106	-1.65395267165
47.56	19.0989227295	18.981		-0.397008061409	-2.0151003194
47.66	19.0561389923	18.933		-0.427829444408	-2.12179474011
47.76	19.0101337433	18.885		-0.460050880909	-2.19682706119
47.86	18.9603691101	18.835		-0.486129909754	-2.22252208244
47.96	18.9057712555	18.785		-0.54597479105	-2.19769179322
48.06	18.8493843079	18.733		-0.558292686939	-1.89025721037
48.16	18.7924594879	18.681		-0.569245815277	-1.82377127898
48.26	18.736787796	18.627		-0.556715250015	-1.77298976812
48.36	18.6816539764	18.573		-0.545886158943	-1.80160897643
48.46	18.6258029938	18.518		-0.556715250015	-1.75244730176
48.56	18.5719223022	18.462		-0.538814425468	-1.7943691966
48.66	18.5207252502	18.405		-0.506894230843	-1.87901384561
48.76	18.4682750702	18.347		-0.52449375391	-1.88436005503
48.86	18.4192276001	18.289		-0.488692164421	-2.29674120051
48.96	18.3692836761	18.229		-0.494487762451	-2.47940504001
49.06	18.3162975311	18.169		-0.5298640728	-2.63223101283
49.16	18.2604465485	18.108		-0.558505356312	-2.70992796821
49.26	18.2024478912	18.046		-0.574243843555	-2.82588441615
49.36	18.1406898499	17.983		-0.617578089237	-2.86457169143
49.46	18.0782165527	17.92		-0.618552803993	-2.96479513484
49.56	18.012342453	17.855		-0.65045517683	-2.97614213969
49.66	17.9448566437	17.79		-0.674860596657	-3.03393351537
49.76	17.8762969971	17.724		-0.678812980652	-3.06581277994
49.86	17.8064842224	17.657		-0.698131680489	-3.09978630962
49.96	17.7341651917	17.59		-0.72140276432	-3.10792498828
50.06	17.6616668701	17.521		-0.717804789543	-3.13561569755
50.16	17.5886306763	17.452		-0.730353116989	-2.89493691317
50.26	17.5132675171	17.383		-0.753624260426	-2.76148314733
50.36	17.4375476837	17.312		-0.740602254868	-2.72054776788
50.46	17.3643341064	17.241		-0.730353116989	-2.7473191151
50.56	17.2909412384	17.169		-0.726666629314	-2.72587437888
50.66	17.2179050446	17.096		-0.728563010693	-2.73416037999
50.76	17.1436157227	17.023		-0.742883741856	-2.71706086773
50.86	17.068611145	16.949		-0.742617845535	-2.70210735161
50.96	16.9953975677	16.874		-0.730353116989	-2.7443456783
51.06	16.9228992462	16.799		-0.724982976913	-2.77757074228
51.16	16.8520126343	16.723		-0.70008122921	-2.83361652971
51.26	16.774143219	16.646		-0.776895225048	-2.72152501585
51.36	16.695558548	16.569		-0.785845637321	-2.6927342135
51.46	16.6200180054	16.491		-0.747934877872	-2.7424757813
51.56	16.5459079742	16.413		-0.741093635559	-2.78631684885
51.66	16.4666080475	16.334		-0.783382117748	-2.70752649659
51.76	16.3969745636	16.254		-0.689447164536	-2.90545359523
51.86	16.3314571381	16.173		-0.653379619122	-3.3794289226
51.96	16.2623596191	16.093		-0.684130072594	-3.58612107453
52.06	16.1925468445	16.011		-0.698131680489	-3.75245700238
52.16	16.1186161041	15.929		-0.737513482571	-3.91869098949
52.26	16.04271698	15.846		-0.742357194424	-4.07066332891
52.36	15.9614477158	15.763		-0.81090682745	-4.1039654457
52.46	15.8819684982	15.679		-0.786926865578	-4.26939372686
52.56	15.7956867218	15.595		-0.852504074574	-4.28265704298
52.66	15.7079725266	15.51		-0.877139866352	-4.30418604321
52.76	15.6161413193	15.425		-0.909219503403	-4.3135753601
52.86	15.5248470306	15.339		-0.902130007744	-4.36157925936
52.96	15.4276456833	15.253		-0.972014188766	-4.2690350458
53.06	15.3286542892	15.166		-0.978341460228	-4.22031749739
53.16	15.2244710922	15.079		-1.04182732105	-3.80298914115
53.26	15.1192140579	14.991		-1.05077767372	-3.64220492148
53.36	15.0150308609	14.903		-1.02973985672	-3.60240068456
53.46	14.9108476639	14.814		-1.04003703594	-3.51738945088
53.56	14.8080968857	14.725		-1.0275067091	-3.51503219967
53.66	14.7060623169	14.635		-1.00847148895	-3.52454231994
53.76	14.6040277481	14.545		-1.01855623722	-3.51894388271
53.86	14.5016355515	14.455		-1.0221363306	-3.49952228122
53.96	14.4006748199	14.364		-0.999609708786	-3.53605653232
54.06	14.3002510071	14.273		-1.00423550606	-3.55825863854
54.16	14.1989326477	14.182		-1.01318585873	-3.21910784385
54.26	14.098151207	14.09		-0.997837424278	-3.21910784385
54.36	13.9996967316	13.997		-0.984544754028	-3.06879449571
54.46	13.9012422562	13.904		-0.974796652794	-2.96000143243
54.56	13.9012422562	13.811		-0.974796652794	-2.8497818204
54.66	13.7071971893	13.718		-0.989914894104	-5.29194869826
54.76	13.7071971893	13.624		-0.989914894104	-2.96096652774
54.86	13.6073102951	13.53		-0.988975524902	-3.4489036648
54.96	13.5084981918	13.436		-0.978341460228	-3.43469096976
55.06	13.4091482162	13.341		-0.991705000401	-3.39103148913
55.16	13.3094406128	13.246		-0.97576969862	-3.42602093951
55.26	13.2100906372	13.151		-0.991705000401	-3.38690471222
55.36	13.1116361618	13.055		-0.984544754028	-3.39027404722
55.46	13.0158672333	12.959		-0.938915133476	-3.50166744742
55.56	12.9206352234	12.863		-0.952323257923	-3.49804279951
55.66	12.830414772	12.767		-0.89149582386	-3.63333326997
55.76	12.7366142273	12.67		-0.936212480068	-3.58813511205
55.86	12.6428136826	12.573		-0.93800252676	-3.61235620785
55.96	12.5524148941	12.476		-0.895040631294	-3.69948561284
56.06	12.4593305588	12.379		-0.930842280388	-3.65700683552
56.16	12.3658885956	12.281		-0.934422433376	-3.65102318747
56.26	12.2711935043	12.183		-0.93757712841	-3.66370332913
56.36	12.1779298782	12.086		-0.932632386684	-3.66761497704
56.46	12.0789384842	11.987		-0.989914894104	-3.53315046524
56.56	11.98442173	11.889		-0.934032440186	-3.66081344304
56.66	11.8884735107	11.791		-0.957693517208	-3.59317542583
56.76	11.7928829193	11.692		-0.955903410912	-3.59546480437
56.86	11.7012310028	11.593		-0.905674695969	-3.71461919247
56.96	11.6097574234	11.494		-0.912941455841	-3.72511697578
57.06	11.5155992508	11.395		-0.930487751961	-3.70834006612
57.16	11.4255580902	11.296		-0.900410830975	-3.77119540278
57.26	11.3412456512	11.197		-0.84312826395	-3.90620007647
57.36	11.2476243973	11.097		-0.916100382805	-3.80718273143
57.46	11.1547193527	10.998		-0.927262127399	-3.79851135815
57.56	11.0639619827	10.898		-0.905781149864	-3.80278239733
57.66	10.979470253	10.798		-0.836552739143	-4.32492859445
57.76	10.8897867203	10.699		-0.895040631294	-4.44497490603
57.86	10.7920484543	10.599		-0.975594222546	-4.41499318534
57.96	10.6966371536	10.499		-0.944666683674	-4.61507382925
58.06	10.5981826782	10.399		-0.984544754028	-4.65701937295
58.16	10.4945373535	10.299		-1.02442264557	-4.66349321214
58.26	10.3898172379	10.199		-1.04719758034	-4.66845771777
58.36	10.2804431915	10.099		-1.0919495821	-4.59495254976
58.46	10.1689214706	9.999		-1.10417878628	-4.54974334688
58.56	10.0568628311	9.899		-1.12059092522	-4.22879719197
58.66	9.94158172607	9.799		-1.15281236172	-4.06115252534
58.76	9.82791137695	9.699		-1.12544703484	-4.02270032552
58.86	9.71227169037	9.599		-1.1563924551	-3.91017285997
58.96	9.60343456268	9.499		-1.08836936951	-3.99001188708
59.06	9.50247383118	9.4		-0.997837424278	-4.17024310665
59.16	9.39560604095	9.3		-1.06688833237	-4.06383299885
59.26	9.29679393768	9.2		-0.988124847412	-4.24447054557
59.36	9.19905567169	9.1		-0.975594222546	-4.3093223534
59.46	9.09505176544	9.001		-1.03824722767	-4.22569770162
59.56	8.99086856842	8.901		-1.02973985672	-4.2113632361
59.66	8.89008712769	8.802		-1.00781571865	-4.27946888337
59.76	8.78769493103	8.703		-1.02392649651	-4.23279957144
59.86	8.68709278107	8.603		-0.994292616844	-4.29539145318
59.96	8.58111953735	8.504		-1.0597281456	-4.20172256988
60.06	8.47729492188	8.405		-1.02796733379	-4.2126664616
60.16	8.37185955048	8.307		-1.04391849041	-4.18426658883
60.26	8.26892948151	8.208		-1.0275067091	-4.18281860344
60.36	8.16420936584	8.109		-1.04719758034	-4.17151042633
60.46	8.06217479706	8.011		-1.00847148895	-4.23469738414
60.56	7.95870828629	7.913		-1.03466689587	-4.17477144795
60.66	7.85345172882	7.815		-1.04037392139	-4.16310420913
60.76	7.74855279922	7.717		-1.04719758034	-4.14098591094
60.86	7.64365386963	7.62		-1.04719758034	-3.81348473784
60.96	7.54179811478	7.522		-1.00847148895	-3.70588020352
61.06	7.43922662735	7.425		-1.02392649651	-3.56642420527
61.16	7.33182191849	7.328		-1.07225871086	-3.27704184773
61.26	7.23014545441	7.232		-1.00669908524	-3.22662953292
61.36	7.13007974625	7.135		-1.00065541267	-3.08093361854
61.46	7.03019332886	7.039		-0.997075200081	-2.9814360363
61.56	6.93531894684	6.943		-0.93757712841	-2.95588851678
61.66	6.84098148346	6.848		-0.941582739353	-2.87644396394
61.76	6.74736022949	6.753		-0.936212480068	-2.77730163954
61.86	6.65946722031	6.658		-0.868455171585	-2.85376549066
61.96	6.5726480484	6.563		-0.866399347782	-2.8492804325
62.06	6.48350191116	6.468		-0.880861759186	-2.79887716816
62.16	6.39793586731	6.374		-0.855658888817	-2.83059322408
62.26	6.31290721893	6.281		-0.850288629532	-3.08965757758
62.36	6.2284154892	6.187		-0.836552739143	-3.18096800129
62.46	6.14499759674	6.094		-0.825918734074	-3.29511217119
62.56	6.06175899506	6.001		-0.832387804985	-3.31057344639
62.66	5.97565603256	5.909		-0.852504074574	-3.30692016395
62.76	5.89044809341	5.817		-0.852078616619	-3.29784012788
62.86	5.80488204956	5.726		-0.855658888817	-3.30102710263
62.96	5.71734714508	5.634		-0.866682887077	-3.25803135168
63.06	5.63088607788	5.544		-0.86460930109	-3.28169061763
63.16	5.54352998734	5.453		-0.864910423756	-3.22940005726
63.26	5.45832204819	5.363		-0.852078616619	-3.28187544361
63.36	5.37221908569	5.274		-0.861029028893	-3.24123868584
63.46	5.28593730927	5.185		-0.852504074574	-3.23601950315
63.56	5.19858121872	5.096		-0.871769607067	-3.20169316428
63.66	5.11301517487	5.008		-0.847186923027	-3.23986211608
63.76	5.02530097961	4.92		-0.868455171585	-3.18097144414
63.86	4.93919801712	4.833		-0.861029028893	-3.18936592386
63.96	4.8532743454	4.746		-0.850731611252	-3.18323017016
64.06	4.7671713829	4.66		-0.850731611252	-3.18894333691
64.16	4.68160533905	4.574		-0.855658888817	-3.15648386841
64.26	4.59711360931	4.488		-0.84312826395	-3.18240357071
64.36	4.51315879822	4.404		-0.837758004665	-3.19612421018
64.46	4.42848777771	4.319		-0.846708416939	-3.13850287343
64.56	4.34256362915	4.236		-0.848959326744	-3.16051555439
64.66	4.25735569	4.152		-0.850288629532	-3.10447544567
64.76	4.17286396027	4.07		-0.844918370247	-3.13891961302
64.86	4.08747720718	3.988		-0.835371255875	-3.10813971287
64.96	4.00012111664	3.906		-0.873559653759	-3.0397607813
65.06	3.9131231308	3.825		-0.86136585474	-3.04225789937
65.16	3.82970523834	3.745		-0.825918734074	-3.08139608084
65.26	3.74575042725	3.665		-0.837758004665	-3.05147385981
65.36	3.66358566284	3.586		-0.813512086868	-3.10363445506
65.46	3.57998895645	3.508		-0.825918734074	-3.06981411449
65.56	3.49764513969	3.43		-0.823437333107	-3.05803051193
65.66	3.41798663139	3.352		-0.786926865578	-3.13486829819
65.76	3.33653783798	3.276		-0.814486920834	-3.1004383333
65.86	3.25383615494	3.2		-0.825227439404	-3.03151874991
65.96	3.17435646057	3.124		-0.785154402256	-3.10998828856
66.06	3.09398174286	3.05		-0.803746461868	-3.08559059642
66.16	3.01503920555	2.976		-0.787635743618	-3.07190853102
66.26	2.93430662155	2.902		-0.79933321476	-3.06329824545
66.36	2.8533949852	2.83		-0.809116721153	-3.03830669545
66.46	2.77409434319	2.758		-0.791215956211	-3.02051650175
66.56	2.69461464882	2.687		-0.786926865578	-3.03775195485
66.66	2.61585116386	2.616		-0.785845637321	-2.70957926335
66.76	2.53601360321	2.547		-0.790471494198	-2.53572422509
66.86	2.45868206024	2.478		-0.773315131664	-2.35417759482
66.96	2.37938141823	2.409		-0.783382117748	-2.16318166667
67.06	2.30169200897	2.342		-0.76920324564	-2.00662063291
67.16	2.22292852402	2.275		-0.787635743618	-1.72519385132
67.26	2.14613413811	2.209		-0.767944812775	-1.55537134049
67.36	2.06772851944	2.144		-0.776292622089	-1.29250065318
67.46	1.99218702316	2.08		-0.74616253376	-1.09458323739
67.56	1.92129981518	2.016		-0.708872139454	-0.933541115102
67.66	1.85649883747	1.953		-0.641593456268	-0.894739219581
67.76	1.79778420925	1.891		-0.579560935497	-0.883116304384
67.86	1.74748289585	1.83		-0.503012835979	-0.967522697759
67.96	1.69932973385	1.77		-0.476764172316	-1.00070164511
68.06	1.65923190117	1.71		-0.400978237391	-1.17749231839
68.16	1.6318436861	1.652		-0.271170705557	-1.60230242677
68.26	1.59174585342	1.594		-0.400978237391	-1.73170284011
68.36	1.56650567055	1.537		-0.252401441336	-2.16602702124
68.46	1.53714835644	1.481		-0.28781697154	-2.2396155224
68.56	1.49919867516	1.426		-0.379497230053	-2.12950546699
68.66	1.45856380463	1.372		-0.406348437071	-2.12950546699
68.76	1.41399073601	1.318		-0.441317021847	-2.06685210343
68.86	1.35080087185	1.266		-0.631898641586	-3.59665845014
68.96	1.28814804554	1.215		-0.626528441906	-1.90756398374
69.06	1.28814804554	1.164		-0.626528441906	-0.630231292294
69.16	1.23104441166	1.115		-0.563609778881	-3.01667221115
69.26	1.17107665539	1.066		-0.599677205086	-1.30246001227
69.36	1.11665821075	1.018		-0.542394638062	-1.61332926181
69.46	1.06152367592	0.971		-0.545886158943	-1.54593740817
69.56	1.00388300419	0.926		-0.570699155331	-1.44536130925
69.66	0.952686667442	0.881		-0.506894230843	-1.49721970683
69.76	0.904891490936	0.837		-0.477951705456	-1.57221335447
69.86	0.86049747467	0.795		-0.443940162659	-1.64118920817
69.96	0.819862604141	0.753		-0.402325212955	-1.72239084022
70.06	0.781017839909	0.712		-0.388447612524	-1.80646812622
70.16	0.742889106274	0.672		-0.381287306547	-1.8388748356
70.26	0.710309624672	0.634		-0.322569072247	-1.97406388915
70.36	0.679878234863	0.596		-0.30431380868	-2.02964796734
70.46	0.651952981949	0.56		-0.279252678156	-2.13890144426
70.56	0.618836462498	0.524		-0.327886164188	-2.03903917681
70.66	0.584466874599	0.49		-0.343695580959	-2.01453187074
70.76	0.545264065266	0.457		-0.386373996735	-1.8700567493
70.86	0.498721957207	0.424		-0.465421140194	-1.65306897927
70.96	0.46077221632	0.393		-0.379497230053	-1.75719313187
71.06	0.424433559179	0.363		-0.35978859663	-1.74709322115
71.16	0.392033100128	0.334		-0.324004709721	-1.81353158673
71.26	0.360527664423	0.307		-0.315054297447	-1.83659008096
71.36	0.330812305212	0.28		-0.292438983917	-1.86341700928
71.46	0.303603053093	0.255		-0.272092342377	-1.93786301433
71.56	0.277646869421	0.23		-0.259561806917	-1.94607893124
71.66	0.254017800093	0.207		-0.233951210976	-2.03366983161
71.76	0.231283769011	0.185		-0.227340310812	-2.03539751057
71.86	0.208191722631	0.164		-0.230920478702	-2.03675715882
71.96	0.180982485414	0.145		-0.269398331642	-1.94916465314
72.06	0.147686973214	0.126		-0.332955121994	-1.75488818343
72.16	0.104008987546	0.109		-0.432455211878	-1.49792766928
72.26	0.0617630667984	0.093		-0.422459185123	-1.36867431555
72.36	0.0266774706542	0.079		-0.350855916739	-1.4304618602
72.46	-0.00232184678316	0.065		-0.287121921778	-1.16035096695
72.56	-0.0234448071569	0.053		-0.211229592562	-1.17754060152
72.66	-0.0400925651193	0.042		-0.166477560997	-1.12647693824
72.76	-0.0630056038499	0.032		-0.226861774921	-0.861094083155
72.86	-0.0751781538129	0.024		-0.121725529432	-0.914138685993
72.96	-0.0837705433369	0.016		-0.0859238952398	-0.869744754565
73.06	-0.0939740091562	0.011		-0.101024389267	-0.765426610764
73.16	-0.105251520872	0.006		-0.112775117159	-0.545367927393
73.26	-0.118677131832	0.003		-0.132926821709	-0.345114914886
73.36	-0.1288805902	0.001		-0.102034628391	-0.17309654026
73.46	-0.144991323352	0.001		-0.159512192011	0.178883851696
