%1-Time(seg)	2-Pos_Encoder	3-x_ref	4-Velo_Encoder(m/s)	5-Torque(N.m)
3.21	0.0	0.0		0.0	0.0
3.31	0.0	0.003		0.0	0.0
3.41	0.0	0.011		0.0	0.0
3.51	0.0	0.026		0.0	0.0
3.61	0.0	0.045		0.0	0.0
3.71	0.0	0.07		0.0	1.17302625
3.81	0.010024455376	0.1		0.100244559348	1.3584305625
3.91	0.0372336916625	0.135		0.269398331642	1.33101550313
4.01	0.0492272377014	0.175		0.119935445487	1.94324772641
4.11	0.0712452381849	0.221		0.220179989934	2.39069597688
4.21	0.0954113379121	0.27		0.241660967469	2.9780926896
4.31	0.136762216687	0.325		0.409414619207	3.19443646032
4.41	0.193865805864	0.384		0.565382003784	3.28079390714
4.51	0.263141959906	0.447		0.690971314907	3.25543675821
4.61	0.343337595463	0.515		0.80016630888	3.1252672912
4.71	0.438032895327	0.587		0.93757712841	2.78903453104
4.81	0.535413324833	0.663		0.972014188766	2.55425628897
4.91	0.643534243107	0.743		1.08120906353	2.09073208004
5.01	0.742346704006	0.827		0.978341460228	1.98880768602
5.11	0.841875195503	0.915		0.993495106697	1.88502670871
5.21	0.943909823895	1.007		1.02034628391	1.71787251892
5.31	1.0427223444	1.102		0.978341460228	1.66989188351
5.41	1.13240540028	1.2		0.896830677986	1.88307084758
5.51	1.22011935711	1.302		0.868455171585	2.09752638141
5.61	1.31016039848	1.407		0.89149582386	2.51542387164
5.71	1.40378165245	1.515		0.934422433376	2.35285274224
5.81	1.47950208187	1.626		0.74970728159	3.19204948401
5.91	1.55003130436	1.74		0.70529204607	4.0679715178
6.01	1.63147997856	1.856		0.812696874142	4.69720643301
6.11	1.72313213348	1.976		0.907447099686	5.16173289486
6.21	1.82427167892	2.098		1.01139593124	5.60915355268
6.31	1.94062697887	2.222		1.1635529995	5.79499934871
6.41	2.06951284409	2.349		1.27432513237	5.85406145692
6.51	2.20681214333	2.478		1.37299239635	5.89488715561
6.61	2.35699987411	2.609		1.48523569107	5.71610297003
6.71	2.50861978531	2.742		1.51440870762	5.60546608651
6.81	2.66596794128	2.877		1.57169127464	5.60546608651
6.91	2.8252851963	3.013		1.57739830017	5.42142173893
7.01	2.8252851963	3.152		1.57739830017	5.22736978252
7.11	2.98603439331	3.292		1.60570287704	8.59652690213
7.21	3.16361045837	3.433		1.77397048473	7.32804160596
7.31	3.35532808304	3.576		1.87783026695	6.27774422268
7.41	3.55581712723	3.72		2.00310087204	5.26586840021
7.51	3.75684332848	3.865		2.00847101212	4.36614353009
7.61	3.95786952972	4.011		1.98858523369	3.45519858854
7.71	4.14403820038	4.157		1.86168456078	2.86975736484
7.81	4.32734251022	4.305		1.83125305176	2.17921456418
7.91	4.5077829361	4.453		1.78653657436	1.44746730388
8.01	4.67658758163	4.602		1.6862565279	0.899204036746
8.11	4.83053445816	4.752		1.50752913952	0.614337566536
8.21	4.96998167038	4.901		1.39447331429	0.578415654941
8.31	5.09457111359	5.051		1.24410653114	0.726445044724
8.41	5.2100315094	5.201		1.13196313381	1.04565402013
8.51	5.31117105484	5.351		1.00960576534	1.65711155906
8.61	5.40729856491	5.501		0.961273610592	2.34534770158
8.71	5.50485801697	5.651		0.956464886665	3.09914046571
8.81	5.60796689987	5.8		1.03108668327	3.57748895957
8.91	5.7014093399	5.949		0.932632386684	4.55164403181
9.01	5.80040073395	6.097		0.980113744736	5.43359431431
9.11	5.91281795502	6.245		1.12238097191	6.04983119144
9.21	6.03955554962	6.392		1.25482928753	6.48764428615
9.31	6.18401527405	6.538		1.42852020264	6.64726567877
9.41	6.34082651138	6.683		1.56811106205	6.63601780545
9.51	6.50891494751	6.826		1.66247141361	6.46695726245
9.61	6.68613290787	6.969		1.77039039135	6.1221802681
9.71	6.87230157852	7.11		1.84147965908	5.61468137065
9.81	7.06026029587	7.25		1.85920321941	5.03449386679
9.91	7.24624967575	7.389		1.85810422897	4.35561574006
10.01	7.42704772949	7.525		1.80798220634	3.93612758303
10.11	7.60265445709	7.66		1.7386828661	3.32403941236
10.21	7.77700853348	7.793		1.74174892902	2.63713098556
10.31	7.92648029327	7.924		1.47991871834	2.4505209435
10.41	8.07756328583	8.053		1.50903844833	1.93577817458
10.51	8.22363376617	8.18		1.4589163065	1.43942892856
10.61	8.36039638519	8.304		1.35408127308	1.06882576785
10.71	8.48767089844	8.426		1.27095770836	0.733806595533
10.81	8.60402584076	8.545		1.16176259518	0.58288846799
10.91	8.71017742157	8.662		1.05100810528	0.529366060595
11.01	8.80523109436	8.776		0.950533092022	0.647574227268
11.11	8.88900661469	8.887		0.837758004665	0.920921902271
11.21	8.96222114563	8.995		0.724894225597	1.36933035602
11.31	9.03454017639	9.1		0.723192811012	1.72488041021
11.41	9.11026096344	9.201		0.755414247513	2.26469418459
11.51	9.18669700623	9.3		0.756796658039	2.17130188307
11.61	9.25239276886	9.395		0.655169725418	2.78737234738
11.71	9.31844711304	9.486		0.653999865055	3.28362780632
11.81	9.3932723999	9.574		0.740845561028	3.51047651284
11.91	9.47114086151	9.658		0.776895225048	3.70730693078
12.01	9.55545330048	9.738		0.833008110523	3.74746411885
12.11	9.64477825165	9.814		0.891460478306	3.63175835348
12.21	9.74251651764	9.886		0.975594222546	3.29609975907
12.31	9.83524227142	9.954		0.916308879852	3.09686789158
12.41	9.93602371216	10.017		1.00602567196	2.56045130121
12.51	10.0287494659	10.076		0.927262127399	2.13775358555
12.61	10.1189699173	10.13		0.89149582386	1.6506083635
12.71	10.1966590881	10.18		0.776895225048	1.29627176357
12.81	10.2691574097	10.225		0.717804789543	0.901546793608
12.91	10.3441619873	10.265		0.750044047832	0.217942557124
13.01	10.4105739594	10.3		0.662330031395	0.217942557124
13.11	10.4617700577	10.33		0.506894230843	0.217942557124
13.21	10.5084915161	10.355		0.465421140194	-1.47907195886
13.31	10.530330658	10.375		0.21838991344	-1.46122063149
13.41	10.5405340195	10.389		0.101024389267	-1.48677603417
13.51	10.5097446442	10.397		-0.307893961668	-0.687542965376
13.61	10.4879055023	10.4		-0.21838991344	-0.483848834419
13.71	10.4399309158	10.4		-0.474991887808	0.299193774511
13.81	10.4359931946	10.4		-0.0393817871809	0.299193774511
13.91	10.4342031479	10.4		-0.0179008115083	0.299193774511
14.01	10.4308023453	10.4		-0.0336747914553	-0.594282139798
14.11	10.4191665649	10.4		-0.116355285048	-0.428675962909
14.21	10.4077100754	10.4		-0.113430887461	-0.092658433309
14.31	10.3930311203	10.4		-0.145333334804	-0.274544294989
14.41	10.3862285614	10.4		-0.0680230855942	0.00854856725498
14.51	10.3801422119	10.4		-0.0602601617575	0.0641543552647
14.61	10.3799629211	10.4		-0.00179008126725	0.00862945986914
14.71	10.3799629211	10.4		0.0	0.00828325694113
14.81	10.3799629211	10.4		0.0	0.0327674656235
14.91	10.379067421	10.4		-0.00895040575415	0.0944926095306
15.01	10.379067421	10.4		0.0	0.130609674289
15.11	10.379067421	10.4		0.0	0.17273435343
15.21	10.379067421	10.4		0.0	0.217562459044
15.31	10.379067421	10.4		0.0	0.26360710657
15.41	10.3781719208	10.4		-0.00886178854853	0.336266447956
15.51	10.3781719208	10.4		0.0	0.37853590158
15.61	10.3770980835	10.4		-0.0106341466308	0.450728405711
15.71	10.3770980835	10.4		0.0	0.49401978257
15.81	10.3762025833	10.4		-0.00895040575415	0.567904152157
15.91	10.3754863739	10.4		-0.00708943046629	0.63925611847
16.01	10.3747701645	10.4		-0.00716032506898	0.684633253312
16.11	10.3740539551	10.4		-0.00716032506898	0.76192021399
16.21	10.3710107803	10.4		-0.0301300808787	0.889401846296
16.31	10.3633136749	10.4		-0.076973490417	1.13844083083
16.41	10.352394104	10.4		-0.10919495672	1.44258212387
16.51	10.380856514	10.4		0.281804889441	0.689787705744
16.61	10.3855104446	10.4		0.0465421117842	0.752508217585
16.71	10.3939237595	10.4		0.0841338261962	0.520695197913
16.81	10.4005470276	10.4		0.065577223897	0.661816839061
16.91	10.4025163651	10.4		0.0194959361106	0.725321577577
17.01	10.4032325745	10.4		0.00708943046629	0.75389870991
17.11	10.4198799133	10.4		0.166477560997	0.245413419459
17.21	10.4313364029	10.4		0.114565201104	0.0558402887568
17.31	10.4427928925	10.4		0.113430887461	0.0558402887568
17.41	10.4458360672	10.4		0.0304313823581	0.0558402887568
17.51	10.446015358	10.4		0.00179008126725	-0.235724818687
17.61	10.4517440796	10.4		0.0567154437304	-0.456783668409
17.71	10.4664230347	10.4		0.146786674857	-0.880078150784
17.81	10.4782371521	10.4		0.118145368993	-1.21924216785
17.91	10.4580087662	10.4		-0.20027641952	-0.736241975534
18.01	10.443151474	10.4		-0.14857673645	-0.54996413899
18.11	10.4197015762	10.4		-0.232178866863	-0.182537112546
18.21	10.3962516785	10.4		-0.23450063169	0.0762912993545
18.31	10.3864059448	10.4		-0.0974796637893	0.20708058471
18.41	10.3853321075	10.4		-0.0106341466308	0.0638135131194
18.51	10.3847951889	10.4		-0.00537024345249	0.00029208090375
18.61	10.383184433	10.4		-0.0161107294261	0.0423219364067
18.71	10.3826475143	10.4		-0.00531707331538	0.0471168713831
18.81	10.3822898865	10.4		-0.00358016253449	0.0962858421224
18.91	10.3812160492	10.4		-0.010740486905	0.149123878955
19.01	10.3812160492	10.4		0.0	0.17877774553
19.11	10.3812160492	10.4		0.0	0.215529985488
19.21	10.3796052933	10.4		-0.0161107294261	0.28154374347
19.31	10.3790683746	10.4		-0.00531707331538	0.344425934561
19.41	10.3779945374	10.4		-0.0106341466308	0.407130920553
19.51	10.3774576187	10.4		-0.00531707331538	0.470988164249
19.61	10.3770999908	10.4		-0.00358016253449	0.510528673912
19.71	10.3763837814	10.4		-0.00716032506898	0.58272515326
19.81	10.3763837814	10.4		0.0	0.627250318967
19.91	10.3763837814	10.4		0.0	0.676854643535
20.01	10.3760261536	10.4		-0.00358016253449	0.728744589591
20.11	10.3733406067	10.4		-0.0265853628516	0.859864815316
20.21	10.3649272919	10.4		-0.0841338261962	1.10807716689
20.31	10.3527545929	10.4		-0.121725529432	1.4354497251
20.41	10.3364648819	10.4		-0.161284536123	1.8734396263
20.51	10.352396965	10.4		0.159317225218	1.43427583183
20.61	10.3722667694	10.4		0.196908935905	1.05494312432
20.71	10.3996553421	10.4		0.271170705557	0.539481405946
20.81	10.4214944839	10.4		0.21838991344	0.250986382676
20.91	10.4338464737	10.4		0.122292682528	0.124573622204
21.01	10.4445867538	10.4		0.107404880226	0.124573622204
21.11	10.4453029633	10.4		0.00716032506898	0.124573622204
21.21	10.445482254	10.4		0.00177235761657	0.00792309194844
21.31	10.445482254	10.4		0.0	0.00792309194844
21.41	10.4456615448	10.4		0.00179008126725	0.00792309194844
21.51	10.4472723007	10.4		0.0159512199461	-0.286065140746
21.61	10.4492416382	10.4		0.0196908935905	-0.430519813336
21.71	10.4637413025	10.4		0.144996598363	-0.911838666001
21.81	10.4785985947	10.4		0.147105693817	-0.911838666001
21.91	10.4662466049	10.4		-0.122292682528	-1.3353201497
22.01	10.4474506378	10.4		-0.186097562313	-1.02137181737
22.11	10.4474506378	10.4		-0.186097562313	-0.694035567814
22.21	10.4247169495	10.4		-0.227340310812	-0.364252505516
22.31	10.3992977142	10.4		-0.254191547632	0.0193436225177
22.41	10.3880205154	10.4		-0.111658535898	0.066487630133
22.51	10.3871250153	10.4		-0.00895040575415	0.066487630133
22.61	10.3840818405	10.4		-0.0304313823581	-0.071873842398
22.71	10.3760261536	10.4		-0.0797560960054	0.108258770921
22.81	10.3667173386	10.4		-0.0912941396236	0.313241696914
22.91	10.3660011292	10.4		-0.00716032506898	0.314426013612
23.01	10.3656435013	10.4		-0.00354471523315	0.339315706125
23.11	10.3656435013	10.4		0.0	0.392404067756
23.21	10.3656435013	10.4		0.0	0.45818183049
23.31	10.3651065826	10.403		-0.00531707331538	0.555737073721
23.41	10.3651065826	10.411		0.0	0.703427433174
23.51	10.3651065826	10.426		0.0	0.972648344929
23.61	10.3790693283	10.445		0.138243898749	1.03628700522
23.71	10.4018030167	10.47		0.225550234318	1.00102815235
23.81	10.4195251465	10.5		0.175463393331	1.29073341856
23.91	10.4329509735	10.535		0.134256094694	1.80312528835
24.01	10.4479875565	10.575		0.150366812944	2.33955937976
24.11	10.4796724319	10.62		0.313707321882	2.54605172089
24.21	10.5127887726	10.669		0.329374939203	2.9285702744
24.31	10.558257103	10.723		0.452890574932	3.12642162348
24.41	10.6150026321	10.782		0.561837315559	3.20387998057
24.51	10.6819515228	10.845		0.661089420319	3.21584799125
24.61	10.7546291351	10.912		0.726773023605	3.22401109606
24.71	10.8342876434	10.984		0.786926865578	3.20106999323
24.81	10.9187793732	11.059		0.834780395031	3.15834324695
24.91	11.0041666031	11.139		0.84541451931	3.18642996113
25.01	11.0927753448	11.222		0.884300112724	3.20753623251
25.11	11.182100296	11.309		0.891460478306	3.27508380463
25.21	11.2680244446	11.399		0.848959326744	3.48601496208
25.31	11.3566331863	11.493		0.884300112724	3.63998198294
25.41	11.4541921616	11.59		0.975594222546	3.66527814232
25.51	11.5463809967	11.691		0.91099178791	3.90763941404
25.61	11.6448354721	11.794		0.984544754028	4.03538823632
25.71	11.7484807968	11.901		1.03466689587	4.11448470634
25.81	11.8544540405	12.01		1.04923558235	4.23281736785
25.91	11.9645442963	12.122		1.10089993477	4.27430531553
26.01	12.0758876801	12.237		1.10240638256	4.40954464199
26.11	12.1949281693	12.355		1.1886138916	4.4052740889
26.21	12.3155794144	12.474		1.20472466946	4.44701959
26.31	12.4389162064	12.597		1.21938204765	4.4621778155
26.41	12.5631475449	12.721		1.24231624603	4.55617676698
26.51	12.6888113022	12.847		1.25663709641	4.60576104514
26.61	12.8141174316	12.976		1.23887789249	4.72862772031
26.71	12.9433612823	13.106		1.2906485796	4.80704247414
26.81	13.0743951797	13.238		1.30854940414	4.85691786336
26.91	13.2120523453	13.371		1.3478256464	4.77991353851
27.01	13.351858139	13.506		1.39805352688	4.70001034233
27.11	13.4948854446	13.643		1.43027484417	4.60164265405
27.21	13.6370182037	13.78		1.40547955036	4.42443944432
27.31	13.7782554626	13.919		1.41058409214	4.53754174995
27.41	13.918598175	14.059		1.38952839375	4.58843778748
27.51	14.0584039688	14.2		1.39805352688	4.61134100436
27.61	14.2012519836	14.341		1.42669475079	4.62164745196
27.71	14.3419523239	14.483		1.39130079746	4.62628535338
27.81	14.4837265015	14.626		1.41595435143	4.62837240902
27.91	14.6222791672	14.77		1.38373291492	4.62931158406
28.01	14.7653064728	14.913		1.41434144974	4.62973421283
28.11	14.9056491852	15.057		1.40163362026	4.62992439577
28.21	15.0454549789	15.201		1.39626336098	4.9428169781
28.31	15.190451622	15.345		1.43383717537	4.86196039014
28.41	15.334195137	15.489		1.43564510345	4.85665817556
28.51	15.4809818268	15.633		1.43732988834	4.581084429
28.61	15.6241884232	15.776		1.43027484417	4.64991999305
28.71	15.7709751129	15.919		1.46607649326	4.68089599687
28.81	15.9218788147	16.061		1.47769463062	4.69483519859
28.91	16.0720672607	16.202		1.50008809566	4.41436808937
29.01	16.2301311493	16.343		1.57885169983	4.02430639022
29.11	16.3896274567	16.483		1.57739830017	3.6170361256
29.21	16.5519886017	16.622		1.6218136549	3.13547475652
29.31	16.7064723969	16.759		1.54484009743	2.82844289043
29.41	16.8482475281	16.896		1.40193498135	2.7194230507
29.51	16.9794597626	17.031		1.29913818836	2.80477587281
29.61	17.1092414856	17.164		1.28495931625	2.76607739277
29.71	17.2365169525	17.296		1.27274775505	2.69524707674
29.81	17.3562736511	17.426		1.19577431679	2.82465543454
29.91	17.4753131866	17.555		1.17684555054	2.86780269554
30.01	17.5934581757	17.681		1.17966353893	2.92074696299
30.11	17.712677002	17.805		1.19219410419	2.86131563335
30.21	17.8286743164	17.927		1.14848768711	2.89849803501
30.31	17.9512939453	18.047		1.2244155407	2.74541211575
30.41	18.0689029694	18.164		1.17429339886	2.69908995209
30.51	18.1925983429	18.279		1.22469902039	2.43360772844
30.61	18.311460495	18.391		1.1886138916	2.3229297278
30.71	18.4208335876	18.501		1.09373962879	2.33842887751
30.81	18.5264492035	18.607		1.04391849041	2.40371724488
30.91	18.6365394592	18.711		1.10089993477	2.1843045102
31.01	18.746629715	18.811		1.08999991417	1.97986152959
31.11	18.8432941437	18.908		0.966643869877	2.05296668831
31.21	18.935125351	19.002		0.918311715126	2.10665125974
31.31	19.0181846619	19.093		0.820601582527	2.29662881688
31.41	19.0989170074	19.179		0.807326674461	2.5866389676
31.51	19.1782169342	19.263		0.793005943298	2.43664353542
31.61	19.2535800934	19.342		0.737092316151	2.36914559094
31.71	19.3269729614	19.417		0.733933329582	2.72978026592
31.81	19.399471283	19.489		0.724982976913	2.72577886967
31.91	19.4744758606	19.556		0.733582317829	2.61535874135
32.01	19.5473327637	19.619		0.728563010693	2.24573468361
32.11	19.6182193756	19.677		0.701853573322	2.34237260762
32.21	19.6900024414	19.732		0.717822551727	2.04698542343
32.31	19.7601737976	19.781		0.699921786785	1.73494269054
32.41	19.8262271881	19.826		0.647588193417	1.37985296074
32.51	19.8865528107	19.866		0.603257417679	1.04557783234
32.61	19.9390029907	19.901		0.52449375391	0.787695024551
32.71	19.9841136932	19.931		0.446634143591	0.531414261048
32.81	20.0252857208	19.955		0.411718666553	0.202404667472
32.91	20.0641307831	19.975		0.386657565832	0.202404667472
33.01	20.0950984955	19.989		0.306617856026	0.202404667472
33.11	20.1180114746	19.997		0.226861774921	-1.04384834905
33.21	20.1301841736	20.0		0.121725529432	-1.25626475707
33.31	20.1391353607	20.0		0.0886178836226	-1.60198664068
33.41	20.1108512878	20.0		-0.282832860947	-1.09373898831
33.51	20.0741539001	20.0		-0.363333314657	-0.528166294738
33.61	20.0387096405	20.0		-0.352646023035	-0.101129082632
33.71	20.0125751495	20.0		-0.261351853609	0.107144412816
33.81	19.9989700317	20.0		-0.134699165821	0.0679132357671
33.91	19.9844703674	20.0		-0.144996598363	0.239428956095
34.01	19.9798164368	20.0		-0.0465421117842	0.160092030243
34.11	19.9794578552	20.0		-0.00354471523315	0.104972663609
34.21	19.9794578552	20.0		0.0	0.0885096986243
34.31	19.9794578552	20.0		0.0	0.106973364381
34.41	19.9794578552	20.0		0.0	0.141154013972
34.51	19.9794578552	20.0		0.0	0.182407306287
34.61	19.9794578552	20.0		0.0	0.226843287829
34.71	19.9794578552	20.0		0.0	0.272711479523
34.81	19.9794578552	20.0		0.0	0.319224165786
34.91	19.9794578552	20.0		0.0	0.366026874604
35.01	19.9794578552	20.0		0.0	0.412960093572
35.11	19.9794578552	20.0		0.0	0.459952042107
35.21	19.9794578552	20.0		0.0	0.506970418948
35.31	19.9794578552	20.0		0.0	0.554000688527
35.41	19.9794578552	20.0		0.0	0.601036309837
35.51	19.9794578552	20.0		0.0	0.648074339427
35.61	19.9794578552	20.0		0.0	0.695113452742
35.71	19.9794578552	20.0		0.0	0.742153053734
35.81	19.9785633087	20.0		-0.00886178854853	0.78919287418
35.91	19.9697914124	20.0		-0.0877139791846	1.07083804338
36.01	19.9585132599	20.0		-0.112775117159	1.36349686952
36.11	19.9441928864	20.0		-0.141788616776	1.74387034128
36.21	19.9556503296	20.0		0.114565201104	1.40825465358
36.31	19.9785633087	20.0		0.226861774921	0.92226384411
36.41	19.9939575195	20.0		0.153946980834	0.58524647985
36.51	20.0030860901	20.0		0.0912941396236	0.801744915932
36.61	20.0086345673	20.0		0.0544044338167	0.89916921217
36.71	20.0159740448	20.0		0.0733933374286	0.525934145476
36.81	20.02277565	20.0		0.0680230855942	0.436295615464
36.91	20.0286827087	20.0		0.05791439116	0.436295615464
37.01	20.0333366394	20.0		0.0465421117842	0.333937526959
37.11	20.0333366394	20.0		0.0465421117842	0.253066887132
37.21	20.0392436981	20.0		0.0590726844966	0.0897405992093
37.31	20.0444355011	20.0		0.051398370415	0.0897405992093
37.41	20.0473003387	20.0		0.0286413002759	-0.16771859116
37.51	20.0473003387	20.0		0.0	-0.222873366022
37.61	20.0537452698	20.0		0.0638048797846	-0.48806776471
37.71	20.031370163	20.0		-0.223760157824	0.0483322558807
37.81	20.0188388824	20.0		-0.124065026641	0.161108515146
37.91	20.0188388824	20.0		0.0	0.161108515146
38.01	20.0188388824	20.0		0.0	-0.127698325683
38.11	20.0188388824	20.0		0.0	-0.198704246557
38.21	20.0100669861	20.0		-0.0877139791846	-0.0194596609507
38.31	19.9891223907	20.0		-0.209439501166	0.438511402572
38.41	19.9826774597	20.0		-0.0638048797846	0.446397631158
38.51	19.9823188782	20.0		-0.00354471523315	0.391770184021
38.61	19.9823188782	20.0		0.0	0.37183258281
38.71	19.9810657501	20.0		-0.012406501919	0.411103912264
38.81	19.9799919128	20.0		-0.010740486905	0.460720010519
38.91	19.9799919128	20.0		0.0	0.490156004734
39.01	19.9799919128	20.0		0.0	0.52804220213
39.11	19.9792766571	20.0		-0.00716032506898	0.595798240959
39.21	19.9790973663	20.0		-0.00177235761657	0.634629208431
39.31	19.978559494	20.0		-0.00537024345249	0.677975143794
39.41	19.9778442383	20.0		-0.00708943046629	0.749420064707
39.51	19.9740848541	20.0		-0.0372195132077	0.895412029118
39.61	19.9617328644	20.0		-0.122292682528	1.2358224131
39.71	19.9862575531	20.0		0.245241135359	0.599834085897
39.81	19.9969978333	20.0		0.106341451406	0.386695838654
39.91	20.0055904388	20.0		0.0859238952398	0.536221127394
40.01	20.0134658813	20.0		0.0787635743618	0.264633257327
40.11	20.0206260681	20.0		0.0708943083882	0.145770965797
40.21	20.0292186737	20.0		0.0841338261962	0.145770965797
40.31	20.0347671509	20.0		0.0544044338167	-0.120200179426
40.41	20.0351257324	20.0		0.00358016253449	-0.111378080742
40.51	20.0370941162	20.0		0.0196908935905	-0.202662636334
40.61	20.0066623688	20.0		-0.301300793886	0.71022606365
40.71	20.0032615662	20.0		-0.0340115427971	0.472369728643
40.81	19.9916267395	20.0		-0.114565201104	0.365334377889
40.91	19.9828548431	20.0		-0.0868455246091	0.76031172005
41.01	19.9722938538	20.0		-0.105614796281	0.947704024023
41.11	19.9957447052	20.0		0.23450063169	0.14379981081
41.21	20.0079174042	20.0		0.120520323515	0.272917914865
41.31	20.0168685913	20.0		0.0895040631294	0.272917914865
41.41	20.0211639404	20.0		0.0425365865231	-0.11257198474
41.51	20.0218791962	20.0		0.00708943046629	-0.0945886431328
41.61	20.0082740784	20.0		-0.136046171188	0.47741061059
41.71	19.9882259369	20.0		-0.198504030704	0.661929774766
41.81	19.9866142273	20.0		-0.0161107294261	0.575439648645
41.91	19.9866142273	20.0		0.0	0.53500384189
42.01	19.9866142273	20.0		0.0	0.532823728851
42.11	19.986076355	20.0		-0.00531707331538	0.573925927983
42.21	19.9853610992	20.0		-0.00716032506898	0.618205917592
42.31	19.9853610992	20.0		0.0	0.639080662917
42.41	19.9846458435	20.0		-0.00716032506898	0.666954298313
42.51	19.9839305878	20.0		-0.00716032506898	0.724044684241
42.61	19.9807090759	20.0		-0.0319024398923	0.830117857908
42.71	19.9701480865	20.0		-0.105614796281	1.13540478606
42.81	19.9603023529	20.0		-0.0984544679523	1.37757265373
42.91	19.9859008789	20.0		0.255981624126	0.682767194177
43.01	19.9950294495	20.0		0.0912941396236	0.47822373738
43.11	20.002904892	20.0		0.0779837444425	0.631616681821
43.21	20.0100650787	20.0		0.0716032460332	0.439971006819
43.31	20.0165100098	19.999		0.0644429177046	0.334252203069
43.41	20.0236701965	19.997		0.0708943083882	0.179915491381
43.51	20.0311889648	19.994		0.0751834064722	0.179915491381
43.61	20.034948349	19.989		0.0375917032361	0.179915491381
43.71	20.034948349	19.983		0.0	-0.273494133973
43.81	20.0242080688	19.976		-0.107404880226	-0.188272110288
43.91	19.9984302521	19.968		-0.257771670818	0.207187300371
44.01	19.9944915771	19.958		-0.0389918722212	0.207187300371
44.11	19.9889431	19.947		-0.0554925203323	0.207187300371
44.21	19.9833946228	19.935		-0.0549430847168	-0.430636349754
44.31	19.9807090759	19.921		-0.0268512200564	-0.770378857389
44.41	19.9706840515	19.906		-0.100244559348	-0.908891485825
44.51	19.9492034912	19.89		-0.212682902813	-0.780226418621
44.61	19.9298706055	19.873		-0.191414624453	-0.819820138379
44.71	19.911611557	19.855		-0.182588279247	-0.913443812271
44.81	19.8892364502	19.835		-0.22154468298	-0.890817465522
44.91	19.8734836578	19.814		-0.157527148724	-1.11444885948
45.01	19.8466320038	19.792		-0.266722083092	-1.06143773677
45.11	19.820854187	19.769		-0.255219519138	-1.06162598155
45.21	19.7961502075	19.745		-0.247031211853	-1.1154291917
45.31	19.7662563324	19.72		-0.298943579197	-1.05156363626
45.41	19.7385101318	19.693		-0.274715423584	-1.10174913632
45.51	19.7089729309	19.665		-0.295363426208	-1.10460136134
45.61	19.6819419861	19.636		-0.267626017332	-1.2042578626
45.71	19.6554489136	19.606		-0.2649320364	-1.30465053817
45.81	19.6352214813	19.575		-0.200489118695	-1.59884524218
45.91	19.6076545715	19.543		-0.272943079472	-1.69591735898
46.01	19.5818767548	19.51		-0.257771670818	-1.86653431154
46.11	19.5566368103	19.475		-0.252401441336	-2.09471044019
46.21	19.523519516	19.44		-0.326113849878	-2.16717819809
46.31	19.4830627441	19.403		-0.404558360577	-2.06869068914
46.41	19.4404582977	19.366		-0.42603930831	-2.02613131011
46.51	19.3944530487	19.327		-0.455495893955	-1.92314583955
46.61	19.3464794159	19.287		-0.477951705456	-1.8344743778
46.71	19.2976093292	19.247		-0.488692164421	-1.76722347001
46.81	19.2496356964	19.205		-0.47974178195	-1.6040228115
46.91	19.2038097382	19.162		-0.458260804415	-1.72342626518
47.01	19.1579837799	19.118		-0.449275285006	-1.77715781933
47.11	19.1112632751	19.074		-0.467211216688	-1.8013370187
47.21	19.0647220612	19.028		-0.465421140194	-1.81221765841
47.31	19.0163898468	18.981		-0.47853654623	-1.50430694629
47.41	18.9680576324	18.933		-0.483321934938	-1.53527087583
47.51	18.9229469299	18.885		-0.451100468636	-1.62892164412
47.61	18.8785533905	18.835		-0.439544677734	-1.86682323986
47.71	18.8338012695	18.785		-0.445730239153	-1.79856645793
47.81	18.7879753113	18.733		-0.458260804415	-1.76785090607
47.91	18.7423286438	18.681		-0.450178802013	-1.75402890773
48.01	18.6950702667	18.627		-0.470791369677	-2.11275050848
48.11	18.6454849243	18.573		-0.490943044424	-2.15025472882
48.21	18.5950050354	18.518		-0.504802882671	-2.22345162797
48.31	18.5441665649	18.462		-0.508383095264	-2.31763823259
48.41	18.4915390015	18.405		-0.521073162556	-2.42619820466
48.51	18.4381942749	18.347		-0.533444166183	-2.5200869421
48.61	18.381269455	18.289		-0.563609778881	-2.57646637394
48.71	18.3204059601	18.229		-0.602601587772	-2.54799211827
48.81	18.259721756	18.169		-0.606837570667	-2.62596445322
48.91	18.2004699707	18.108		-0.590726852417	-2.69924400395
49.01	18.1426506042	18.046		-0.570699155331	-2.87468080178
49.11	18.083398819	17.983		-0.592516899109	-2.9787568608
49.21	18.0209255219	17.92		-0.624738335609	-3.06217983736
49.31	17.9557666779	17.855		-0.645138144493	-3.07687042681
49.41	17.8916816711	17.79		-0.639059007168	-3.18896294207
49.51	17.8261642456	17.724		-0.648682892323	-3.24139007393
49.61	17.7604675293	17.657		-0.656959891319	-3.32686553327
49.71	17.6913700104	17.59		-0.689181268215	-3.35754698997
49.81	17.6208400726	17.521		-0.698308944702	-3.37010239549
49.91	17.551027298	17.452		-0.698131680489	-3.44047082797
50.01	17.4792442322	17.383		-0.716032505035	-3.44842612259
50.11	17.4047775269	17.312		-0.735528409481	-3.40752750516
50.21	17.3288784027	17.241		-0.758994460106	-3.37354712732
50.31	17.2560214996	17.169		-0.728563010693	-3.4147217073
50.41	17.1815547943	17.096		-0.730072319508	-3.43465826828
50.51	17.1029701233	17.023		-0.784055531025	-3.15583397073
50.61	17.025100708	16.949		-0.770975470543	-3.25826928683
50.71	16.9463367462	16.874		-0.787635743618	-3.30436517907
50.81	16.8664989471	16.799		-0.798376202583	-3.32510833058
50.91	16.783618927	16.723		-0.820601582527	-2.94343399876
51.01	16.7053928375	16.646		-0.780475497246	-2.93796754944
51.11	16.6191101074	16.569		-0.862819135189	-2.73132014725
51.21	16.5337238312	16.491		-0.843642294407	-2.55430806626
51.31	16.4499473572	16.413		-0.837758004665	-2.41537912982
51.41	16.3672447205	16.334		-0.8270175457	-2.27720035842
51.51	16.2863330841	16.254		-0.801105678082	-2.19386966129
51.61	16.2120437622	16.173		-0.742883741856	-2.28870084758
51.71	16.1447372437	16.093		-0.66640651226	-2.53938488141
51.81	16.0806522369	16.011		-0.634504079819	-2.78933519663
51.91	16.0210418701	15.929		-0.596097052097	-3.18000833849
52.01	15.9605369568	15.846		-0.591428816319	-3.55592325232
52.11	15.8960943222	15.763		-0.642639160156	-3.55592325232
52.21	15.8248491287	15.679		-0.712452352047	-3.84803196354
52.31	15.7494869232	15.595		-0.74616253376	-4.03832538359
52.41	15.6662483215	15.51		-0.830597698689	-4.19850442262
52.51	15.6662483215	15.425		-0.830597698689	-4.24264224018
52.61	15.5771026611	15.339		-0.880861759186	-6.44389225808
52.71	15.4818706512	15.253		-0.942894220352	-5.96708226614
52.81	15.380730629	15.166		-1.00960576534	-5.69546626976
52.91	15.2733259201	15.079		-1.06341457367	-5.44649157139
53.01	15.162519455	14.991		-1.09708929062	-5.23488645713
53.11	15.0479545593	14.903		-1.14386188984	-4.94255515571
53.21	14.9301671982	14.814		-1.15477776527	-4.57255632007
53.31	14.8120222092	14.725		-1.18145370483	-4.26144259403
53.41	14.6947717667	14.635		-1.17250323296	-3.81276766731
53.51	14.5768051147	14.546		-1.15477776527	-3.36995845029
53.61	14.4606285095	14.455		-1.16176259518	-2.88629755263
53.71	14.3487482071	14.364		-1.11701071262	-2.48986164868
53.81	14.2427749634	14.273		-1.03894913197	-2.15802099191
53.91	14.1436042786	14.182		-0.991705000401	-1.91405144636
54.01	14.0487298965	14.09		-0.946952939034	-1.68131815086
54.11	13.9585094452	13.997		-0.893268287182	-1.53499166789
54.21	13.8777770996	13.905		-0.805536568165	-1.58549725055
54.31	13.8029518127	13.811		-0.746463835239	-1.69438501275
54.41	13.730632782	13.718		-0.716032505035	-1.89316875574
54.51	13.6631469727	13.624		-0.674860596657	-2.15005519008
54.61	13.5988826752	13.53		-0.636276304722	-2.54163033554
54.71	13.5339031219	13.436		-0.643365859985	-2.81278290099
54.81	13.4682073593	13.341		-0.655169725418	-3.33067230545
54.91	13.3989315033	13.246		-0.685902357101	-3.71989503745
55.01	13.322136879	13.151		-0.766154766083	-3.97989926685
55.11	13.2401514053	13.055		-0.818067193031	-4.21384492008
55.21	13.1520795822	12.959		-0.871999979019	-4.40940021404
55.31	13.0555944443	12.863		-0.96485376358	-4.47665409632
55.41	12.9562444687	12.767		-0.993495106697	-4.52215334334
55.51	12.8527774811	12.67		-1.02442264557	-4.5448582545
55.61	12.7478790283	12.573		-1.04898750782	-4.57520821453
55.71	12.6442337036	12.476		-1.02442264557	-4.64274094654
55.81	12.5343227386	12.379		-1.09910988808	-4.54444717594
55.91	12.4251279831	12.281		-1.0919495821	-4.48677022917
56.01	12.3145008087	12.184		-1.0953168869	-4.41505560313
56.11	12.2020835876	12.086		-1.12238097191	-4.21797102141
56.21	12.0900249481	11.987		-1.12059092522	-3.96274845963
56.31	11.9777870178	11.889		-1.11126828194	-4.16346080683
56.41	11.8650121689	11.791		-1.1259611845	-3.62816736308
56.51	11.7543849945	11.692		-1.10448014736	-3.43959306338
56.61	11.6473379135	11.593		-1.05986988544	-3.32851887852
56.71	11.5413646698	11.494		-1.0597281456	-3.18087474534
56.81	11.4459533691	11.395		-0.952323257923	-3.2773586354
56.91	11.347319603	11.296		-0.976569056511	-3.19151538593
57.01	11.2569208145	11.197		-0.903991103172	-3.32835517367
57.11	11.1672372818	11.097		-0.887951135635	-3.41870907815
57.21	11.0798816681	10.998		-0.873559653759	-3.60350133517
57.31	10.9955692291	10.898		-0.84312826395	-3.88095085083
57.41	10.9083919525	10.799		-0.863138079643	-3.70777188287
57.51	10.8280172348	10.699		-0.803746461868	-4.38579159729
57.61	10.7383337021	10.599		-0.895040631294	-4.47889471878
57.71	10.647397995	10.499		-0.898585319519	-4.62813187345
57.81	10.5512704849	10.399		-0.9594835639	-4.70091234305
57.91	10.4497728348	10.299		-1.01497602463	-4.70153530437
58.01	10.3464851379	10.199		-1.02265036106	-4.67790988697
58.11	10.2390804291	10.099		-1.07225871086	-4.61283669914
58.21	10.1350765228	9.999		-1.02973985672	-4.65128351461
58.31	10.0258817673	9.899		-1.0919495821	-4.54845633157
58.41	9.91615009308	9.799		-1.09731972218	-4.43255684921
58.51	9.80319595337	9.699		-1.11835753918	-4.13351533214
58.61	9.69149494171	9.599		-1.11522054672	-4.29697789946
58.71	9.57764530182	9.499		-1.13849163055	-3.82312380476
58.81	9.47561073303	9.4		-1.01024389267	-3.90003921214
58.91	9.37608242035	9.3		-0.995285153389	-3.91531039546
59.01	9.28102874756	9.2		-0.94874304533	-4.04048192796
59.11	9.18346977234	9.1		-0.956464886665	-4.03787936758
59.21	9.09987258911	9.001		-0.834177911282	-4.42384496541
59.31	8.99855422974	8.901		-1.01318585873	-4.29949823444
59.41	8.88953781128	8.802		-1.06702876091	-3.9568024555
59.51	8.79126262665	8.703		-0.980964541435	-3.98188110497
59.61	8.69101810455	8.603		-0.99074780941	-3.95354724724
59.71	8.59041595459	8.504		-1.00423550606	-3.91747701126
59.81	8.491065979	8.405		-0.991705000401	-3.90276065507
59.91	8.38921070099	8.307		-1.00847148895	-3.80192054478
60.01	8.28914546967	8.208		-0.998865365982	-3.73728974515
60.11	8.19409179688	8.109		-0.94874304533	-3.82536138532
60.21	8.0952796936	8.011		-0.976569056511	-3.77762062339
60.31	8.00022602081	7.913		-0.950533092022	-3.81709103053
60.41	7.90678358078	7.815		-0.934422433376	-4.05544671374
60.51	7.80958223343	7.717		-0.962390184402	-3.96986302118
60.61	7.7143497467	7.62		-0.952323257923	-3.93135035953
60.71	7.61714839935	7.522		-0.960617780685	-3.91401966179
60.81	7.52012586594	7.425		-0.968433916569	-3.90622084781
60.91	7.42167139053	7.328		-0.984544754028	-3.90271138151
61.01	7.32232189178	7.232		-0.98365855217	-3.90113212168
61.11	7.22458362579	7.135		-0.977384328842	-3.90042145476
61.21	7.11825275421	7.039		-1.06330823898	-3.45695840464
61.31	7.01675510406	6.943		-1.00492680073	-3.40415103209
61.41	6.91955375671	6.848		-0.960617780685	-3.41487271444
61.51	6.82306814194	6.753		-0.96485376358	-3.3567582215
61.61	6.72676181793	6.658		-0.951756119728	-3.30880194967
61.71	6.63600492477	6.563		-0.896813035011	-3.37698987735
61.81	6.53969860077	6.468		-0.953528344631	-3.28437819481
61.91	6.44034910202	6.374		-0.993495106697	-3.10156193766
62.01	6.34636974335	6.281		-0.93800252676	-3.07245487195
62.11	6.25364351273	6.187		-0.91808116436	-3.05092794238
62.21	6.16199111938	6.094		-0.907447099686	-3.04258007407
62.31	6.0719499588	6.001		-0.898620843887	-3.05116278333
62.41	5.98352003098	5.909		-0.875544726849	-3.1056635025
62.51	5.89688014984	5.817		-0.86460930109	-3.15192482612
62.61	5.81113529205	5.726		-0.857448935509	-3.38310917176
62.71	5.72360038757	5.634		-0.866682887077	-3.27676712729
62.81	5.63803434372	5.544		-0.855658888817	-3.22891320728
62.91	5.55246829987	5.453		-0.855658888817	-3.20737894328
63.01	5.46708154678	5.363		-0.843642294407	-3.56263002447
63.11	5.38026237488	5.274		-0.859593391418	-3.57250526101
63.21	5.29326438904	5.185		-0.859593391418	-3.59743386746
63.31	5.2062664032	5.096		-0.869979441166	-3.64913174036
63.41	5.11819458008	5.008		-0.870227634907	-3.68927253316
63.51	5.02904844284	4.92		-0.880861759186	-3.69084138992
63.61	4.93668031693	4.833		-0.923681914806	-3.63068162546
63.71	4.84484910965	4.746		-0.909219503403	-3.56434248146
63.81	4.75248098373	4.66		-0.912764191628	-3.32412311666
63.91	4.65939664841	4.574		-0.929052114487	-3.4263994025
64.01	4.56989240646	4.488		-0.895040631294	-3.47242373112
64.11	4.47967243195	4.404		-0.893268287182	-3.49313467901
64.21	4.38730430603	4.319		-0.92189180851	-3.05931135555
64.31	4.29797935486	4.236		-0.893250524998	-3.03690911
64.41	4.21008634567	4.152		-0.877139866352	-2.9407448495
64.51	4.12326717377	4.07		-0.868189394474	-2.87489343227
64.61	4.03967046738	3.988		-0.819576382637	-2.83605879452
64.71	3.95804286003	3.906		-0.81627702713	-2.79915445754
64.81	3.87605714798	3.825		-0.811739742756	-2.74558750589
64.91	3.79621958733	3.745		-0.788699150085	-2.71058962765
65.01	3.7197830677	3.665		-0.764364778996	-2.74585033244
65.11	3.64549469948	3.586		-0.742883741856	-2.7911288996
65.21	3.57228040695	3.508		-0.724894225597	-2.85561150482
65.31	3.49852895737	3.43		-0.737513482571	-3.12713467717
65.41	3.42549371719	3.352		-0.728563010693	-3.00388260473
65.51	3.35263729095	3.276		-0.721349596977	-2.94841917213
65.61	3.27834892273	3.2		-0.742883741856	-2.92346062746
65.71	3.2037024498	3.124		-0.739073038101	-2.91222928236
65.81	3.12834000587	3.05		-0.753624260426	-2.90717517706
65.91	3.0527985096	2.976		-0.755414247513	-2.90490082968
66.01	2.97779417038	2.903		-0.742617845535	-2.90387737335
66.11	2.9022526741	2.83		-0.747934877872	-2.90341681801
66.21	2.82671117783	2.758		-0.755414247513	-2.9032095681
66.31	2.75081181526	2.687		-0.751479685307	-2.90311630565
66.41	2.67706036568	2.616		-0.737513482571	-2.90307433754
66.51	2.60313010216	2.547		-0.739303529263	-2.90307433754
66.61	2.52866268158	2.478		-0.737300753593	-2.56418120189
66.71	2.45759654045	2.409		-0.710662305355	-2.49323329085
66.81	2.45759654045	2.342		-0.710662305355	-2.47465248088
66.91	2.38402414322	2.275		-0.728438913822	-4.0928831164
67.01	2.22560191154	2.209		-0.805536568165	-3.49915365238
67.11	2.22560191154	2.144		-0.805536568165	-1.37763114357
67.21	2.14755439758	2.08		-0.772747993469	-3.04237326461
67.31	2.06735873222	2.016		-0.801956474781	-2.59360171907
67.41	1.98984825611	1.953		-0.773315131664	-2.26467052358
67.51	1.91376984119	1.891		-0.75325191021	-1.97365148561
67.61	1.84234559536	1.83		-0.714242398739	-1.76187866853
67.71	1.77145838737	1.77		-0.708872139454	-1.52085290084
67.81	1.70701551437	1.71		-0.638048768044	-1.41074680538
67.91	1.64740586281	1.652		-0.596097052097	-1.35370806242
68.01	1.59406149387	1.594		-0.533444166183	-1.38076087809
68.11	1.54680335522	1.537		-0.466130077839	-1.52056214514
68.21	1.50061929226	1.481		-0.460050880909	-1.61946471531
68.31	1.4522870779	1.426		-0.473845034838	-1.60924587189
68.41	1.40681898594	1.372		-0.452890574932	-1.70687314235
68.51	1.36314105988	1.318		-0.434989720583	-2.04736266406
68.61	1.31552493572	1.266		-0.471447110176	-1.86748919883
68.71	1.26790881157	1.215		-0.476161628962	-1.78654613947
68.81	1.22011363506	1.164		-0.477951705456	-1.75012176276
68.91	1.17446660995	1.115		-0.45195120573	-1.99440329324
69.01	1.12756645679	1.066		-0.464357733727	-2.01953923196
69.11	1.07887625694	1.018		-0.486902117729	-1.99427265438
69.21	1.03305017948	0.972		-0.453723549843	-2.05105319447
69.31	0.985971033573	0.926		-0.470791369677	-2.03395468751
69.41	0.937459826469	0.881		-0.47853654623	-1.98283785938
69.51	0.887695550919	0.837		-0.497642576694	-1.73924128672
69.61	0.84061640501	0.795		-0.470791369677	-1.82246657902
69.71	0.796759426594	0.753		-0.434227585793	-1.85991796056
69.81	0.756303608418	0.712		-0.404558360577	-1.87677108225
69.91	0.717279851437	0.672		-0.390237748623	-1.88435498701
70.01	0.677898049355	0.634		-0.389918655157	-1.88776774416
70.11	0.64263343811	0.596		-0.350855916739	-1.88930348487
70.21	0.608442902565	0.56		-0.341905534267	-2.20280156819
70.31	0.567271053791	0.524		-0.407642245293	-1.83547770569
70.41	0.524488091469	0.49		-0.427829444408	-1.88055696756
70.51	0.482779204845	0.457		-0.417088955641	-1.9008426354
70.61	0.444471478462	0.424		-0.37928456068	-1.57109693593
70.71	0.410101920366	0.393		-0.343695580959	-1.60853437117
70.81	0.380923599005	0.363		-0.288894325495	-1.67779896703
70.91	0.358547568321	0.334		-0.22154468298	-1.97192853516
71.01	0.325789093971	0.307		-0.325794786215	-1.89391184082
71.11	0.305561184883	0.28		-0.20027641952	-1.85880432837
71.21	0.279426008463	0.255		-0.259561806917	-1.84300594777
71.31	0.248815625906	0.23		-0.306103885174	-1.83589667649
71.41	0.2176682055	0.207		-0.30839022994	-1.51989050442
71.51	0.188131868839	0.185		-0.295363426208	-1.39080797699
71.61	0.162175685167	0.164		-0.256991833448	-1.32776258965
71.71	0.14123173058	0.145		-0.207365840673	-1.34118116534
71.81	0.124583974481	0.126		-0.166477560997	-1.3970852744
71.91	0.100417874753	0.109		-0.241660967469	-1.18860487348
72.01	0.080726981163	0.093		-0.194959327579	-1.11580969307
72.11	0.0529807209969	0.079		-0.277462601662	-0.77081136188
72.21	0.0400921329856	0.065		-0.127609759569	-0.802724362846
72.31	0.0193271897733	0.053		-0.205859333277	-0.569035213281
72.41	0.00697562936693	0.042		-0.123515605927	-0.529921845976
72.51	-0.00680799689144	0.032		-0.135133579373	-0.377447080689
72.61	-0.0264988914132	0.024		-0.196908935905	-0.0664539363101
72.71	-0.0350912809372	0.016		-0.0859238952398	0.0132349786606
72.81	-0.0415355749428	0.011		-0.0638048797846	0.0781844903973
72.91	-0.0467268116772	0.006		-0.051912356168	0.196399020679
73.01	-0.0571092814207	0.003		-0.103824712336	0.451387809306
73.11	-0.0483378842473	0.001		0.0868455246091	0.243285514188
73.21	-0.0420725978911	0.001		0.0626528412104	0.214308481384
