%1-Time(seg)	2-Pos_Encoder	3-x_ref	4-Velo_Encoder(m/s)	5-Torque(N.m)
2.8	0.0477951690555	0.0		0.0	1.42009283353
2.8	0.0477951690555	0.0		0.0	1.42009283353
2.9	0.0501222759485	0.003		0.0230406485498	1.37738806476
3.0	0.056924585253	0.011		0.0680230855942	1.36309431197
3.1	0.0572826005518	0.026		0.00358016253449	1.56714828899
3.2	0.0603257380426	0.045		0.0301300808787	1.67568708205
3.3	0.0694551542401	0.07		0.0912941396236	1.61914650852
3.4	0.0805536583066	0.1		0.109886169434	1.72727250633
3.5	0.100781574845	0.135		0.202279180288	1.65850796698
3.6	0.113312147558	0.175		0.124065026641	1.90587139866
3.7	0.127095773816	0.221		0.136471539736	2.04283771296
3.8	0.150187820196	0.27		0.230920478702	2.06735878279
3.9	0.167551606894	0.325		0.173637896776	2.25922692322
4.0	0.187242507935	0.384		0.194959327579	2.47689392336
4.1	0.220359012485	0.447		0.329374939203	2.39941882067
4.2	0.245062127709	0.515		0.247031211853	2.70460831034
4.3	0.270123273134	0.587		0.248130053282	2.94538583875
4.4	0.304850846529	0.663		0.347275793552	2.98356552304
4.5	0.343516618013	0.743		0.386657565832	3.11505926671
4.6	0.385762542486	0.827		0.414175659418	3.2694698988
4.7	0.432841688395	0.915		0.46900126338	3.38095639189
4.8	0.485112071037	1.007		0.517528414726	3.49605750074
4.9	0.544184744358	1.102		0.590726852417	3.56607562389
5.0	0.60898566246	1.2		0.646219372749	3.62333182642
5.1	0.679156839848	1.302		0.694764196873	3.69459251671
5.2	0.751476109028	1.407		0.723192811012	3.82409025159
5.3	0.830239713192	1.515		0.787635743618	3.85508345256
5.4	0.911330401897	1.626		0.802877962589	3.96698857357
5.5	0.994390189648	1.74		0.830597698689	4.06796420314
5.6	1.08174610138	1.857		0.864910423756	4.15773600199
5.7	1.17805242538	1.976		0.951756119728	4.16213223947
5.8	1.27829694748	2.098		1.00244545937	4.17412529121
5.9	1.38319575787	2.222		1.03682935238	4.23682957294
6.0	1.49883496761	2.349		1.15460240841	4.12976848688
6.1	1.61089408398	2.478		1.10949587822	4.27021354623
6.2	1.72331118584	2.609		1.11304044724	4.3314986124
6.3	1.83483326435	2.742		1.11522054672	4.4197606661
6.4	1.94367027283	2.877		1.08836936951	4.56351390482
6.5	2.05751943588	3.014		1.12544703484	4.62936836779
6.6	2.16886258125	3.152		1.11164045334	4.76755498634
6.7	2.28199577332	3.292		1.12954127789	4.84630692106
6.8	2.39315986633	3.433		1.10063397884	5.03461373093
6.9	2.50879907608	3.576		1.1563924551	5.07644779791
7.0	2.62622833252	3.72		1.17250323296	5.19879485171
7.1	2.75153398514	3.865		1.23887789249	5.20127059545
7.2	2.87755560875	4.011		1.2584271431	5.26562067857
7.3	3.00787353516	4.158		1.29027628899	5.30585842443
7.4	3.14123463631	4.305		1.33361053467	5.32216988403
7.5	3.27584886551	4.454		1.34614121914	5.340080112
7.6	3.4111790657	4.602		1.33990240097	5.44922571602
7.7	3.54131793976	4.752		1.29959893227	5.51019972284
7.8	3.67485809326	4.901		1.33361053467	5.60574432022
7.9	3.80356502533	5.051		1.27255260944	5.70311296788
8.0	3.93961119652	5.201		1.35867166519	5.71407838
8.1	4.08031177521	5.351		1.40521371365	5.69188607493
8.2	4.2251291275	5.501		1.43206501007	5.68497981382
8.3	4.3746008873	5.651		1.49292767048	5.62066662575
8.4	4.52890586853	5.8		1.51103925705	5.58319033465
8.5	4.68321084976	5.949		1.54125988483	5.49988478555
8.6	4.83500957489	6.097		1.50295937061	5.49988478555
8.7	4.98824071884	6.245		1.515365839	5.53168704062
8.8	5.1516752243	6.392		1.61639022827	9.64117585541
8.91	5.31063461304	6.538		1.58780217171	3.80774812906
9.0	5.31063461304	6.683		1.58780217171	5.85990472913
9.1	5.47478485107	6.827		1.62525188923	5.73840436952
9.2	5.63625001907	6.969		1.59866642952	5.67934352153
9.3	5.79825258255	7.111		1.620023489	5.53931118183
9.4	5.95971775055	7.25		1.59866642952	5.50268666519
9.5	6.12010908127	7.389		1.60212266445	5.33541276599
9.6	6.28354358673	7.525		1.61639022827	5.26029584151
9.7	6.44912624359	7.66		1.6540350914	5.02463718733
9.8	6.61202383041	7.793		1.62897384167	4.94016377425
9.9	6.77671146393	7.924		1.62879657745	4.76928339603
10.0	6.93799781799	8.053		1.61107313633	4.63257270377
10.1	7.0998210907	8.18		1.61644327641	4.46425179155
10.2	7.25412607193	8.304		1.5277723074	4.40947036014
10.3	7.40520906448	8.426		1.49409759045	4.28667086765
10.4	7.55969285965	8.545		1.54305005074	4.09592126893
10.5	7.70522642136	8.662		1.43915438652	4.04101097089
10.6	7.84879112244	8.776		1.42143070698	3.94453509556
10.7	7.98949146271	8.887		1.40521371365	3.80691557424
10.8	8.12571620941	8.995		1.34699165821	3.73194465827
10.9	8.25925636292	9.1		1.33540070057	3.61120599159
11.0	8.39154338837	9.202		1.30977237225	3.49575253911
11.1	8.5206079483	9.3		1.27609753609	3.39262491201
11.2	8.64877796173	9.395		1.28169822693	3.2083315424
11.3	8.77139854431	9.486		1.20216238499	3.16882878497
11.4	8.89777851105	9.574		1.26200735569	2.90502251292
11.5	9.00947952271	9.658		1.11701071262	2.94755179323
11.6	9.121717453	9.738		1.10037338734	2.80438323316
11.7	9.22590065002	9.814		1.04182732105	2.73499166015
11.8	9.33294773102	9.886		1.06867849827	2.54229557409
11.9	9.43480300903	9.954		0.998584508896	2.46461830112
12.0	9.53182506561	10.017		0.970224022865	2.34314103897
12.1	9.6218662262	10.076		0.889723539352	2.26948886898
12.2	9.69561767578	10.13		0.730211377144	2.39108258084
12.3	9.76113510132	10.18		0.655169725418	2.39618911939
12.4	9.82611465454	10.225		0.643365859985	2.34632644569
12.5	9.88697719574	10.265		0.608627617359	2.27825678997
12.6	9.95052528381	10.3		0.633688807487	2.11315474305
12.7	10.003153801	10.33		0.521073162556	2.15353561702
12.8	10.0192642212	10.355		0.161107316613	2.69329620243
12.9	10.0684909821	10.375		0.492272377014	2.11487751214
13.0	10.0865707397	10.389		0.179008126259	2.52690008209
13.1	10.1205825806	10.397		0.340115427971	2.16835846138
13.2	10.1531620026	10.4		0.325794786215	2.04018417311
13.3	10.1800136566	10.4		0.265853643417	2.00287573319
13.4	10.2100868225	10.4		0.300733625889	1.83815342486
13.5	10.2476787567	10.4		0.372195124626	1.62775641751
13.6	10.2902822495	10.4		0.420048773289	1.38097629058
13.7	10.3242940903	10.4		0.340115427971	1.34227156212
13.8	10.3497133255	10.4		0.251674771309	1.35930427949
13.9	10.3722686768	10.4		0.225550234318	1.30778611254
14.0	10.3833675385	10.4		0.110985040665	1.43739190455
14.1	10.386590004	10.4		0.0319024398923	1.55581153769
14.2	10.4061021805	10.4		0.195118874311	1.24495932781
14.3	10.4155893326	10.4		0.0948743075132	1.35234960928
14.4	10.4157686234	10.4		0.00177235761657	1.50170584702
14.5	10.4225711823	10.4		0.0680230855942	1.38422867926
14.6	10.4333114624	10.4		0.106341451406	1.2877013349
14.7	10.4342069626	10.4		0.00895040575415	1.43264371722
14.8	10.4410095215	10.4		0.0680230855942	1.32096323968
14.9	10.4508552551	10.4		0.0965239852667	1.2363204125
15.0	10.4517507553	10.4		0.00895040575415	1.36527954868
15.1	10.4517507553	10.4		0.0	1.3850671948
15.2	10.4519300461	10.4		0.00177235761657	1.38700040577
15.3	10.4521093369	10.4		0.00177235761657	1.39086217029
15.4	10.4521093369	10.4		0.0	1.39743945845
15.5	10.4522886276	10.4		0.00177235761657	1.39689821669
15.6	10.4524679184	10.4		0.00179008126725	1.39878041902
15.7	10.4524679184	10.4		0.0	1.40377405743
15.8	10.4524679184	10.4		0.0	1.40545377243
15.9	10.4524679184	10.4		0.0	1.40679754443
16.0	10.4524679184	10.4		0.0	1.40787256203
16.1	10.4524679184	10.4		0.0	1.40873257611
16.2	10.4524679184	10.4		0.0	1.40942058737
16.3	10.4524679184	10.4		0.0	1.40997099638
16.4	10.4524679184	10.4		0.0	1.41041132359
16.5	10.4524679184	10.4		0.0	1.41076358535
16.6	10.4524679184	10.4		0.0	1.41104539477
16.7	10.4524679184	10.4		0.0	1.4112708423
16.8	10.4524679184	10.4		0.0	1.41145120032
16.9	10.4524679184	10.4		0.0	1.41159548674
17.0	10.4524679184	10.4		0.0	1.41171091588
17.1	10.4524679184	10.4		0.0	1.41180325919
17.2	10.4524679184	10.4		0.0	1.41187713383
17.3	10.4524679184	10.4		0.0	1.41193623355
17.4	10.4524679184	10.4		0.0	1.41198351332
17.5	10.4524679184	10.4		0.0	1.41202133714
17.6	10.4524679184	10.4		0.0	1.4120515962
17.7	10.4524679184	10.4		0.0	1.41207580344
17.8	10.4524679184	10.4		0.0	1.41209516924
17.9	10.4524679184	10.403		0.0	1.41211066187
18.0	10.4524679184	10.411		0.0	1.49663424019
18.1	10.4574804306	10.426		0.0501222796738	1.50894042757
18.2	10.4685792923	10.445		0.110985040665	1.52188116515
18.3	10.4791412354	10.47		0.104569092393	1.55391586201
18.4	10.4911346436	10.5		0.119935445487	1.66494879636
18.5	10.4999055862	10.535		0.0877139791846	1.8290786099
18.6	10.5204916	10.575		0.203821122646	1.76298632028
18.7	10.5337381363	10.62		0.131154447794	2.01946153083
18.8	10.555934906	10.669		0.219772338867	2.0291892415
18.9	10.5684652328	10.723		0.125305682421	2.34055200325
19.0	10.6015815735	10.782		0.331165015697	2.18867125073
19.1	10.6261053085	10.845		0.24281296134	2.49540677101
19.2	10.6547470093	10.912		0.286412984133	2.59732882133
19.3	10.6869688034	10.984		0.322214633226	2.72551219118
19.4	10.7284984589	11.059		0.41118696332	2.78647467196
19.5	10.7748613358	11.139		0.4636310637	2.82133044861
19.6	10.8244466782	11.222		0.494062423706	2.97435431903
19.7	10.8781490326	11.309		0.531707286835	3.03571322459
19.8	10.9332838058	11.399		0.551345050335	3.18632281175
19.9	10.9937887192	11.493		0.603257417679	3.24594607751
20.0	11.060379982	11.59		0.657544672489	3.33434204039
20.1	11.1285820007	11.691		0.673495829105	3.43877976988
20.2	11.2001848221	11.794		0.708943068981	3.56156241826
20.3	11.2742938995	11.901		0.741093635559	3.62356475245
20.4	11.3537731171	12.01		0.793005943298	3.73112729208
20.5	11.4350423813	12.123		0.802877962589	3.81812762613
20.6	11.5181016922	12.237		0.830597698689	3.96840666528
20.7	11.6049203873	12.355		0.868189394474	3.99642041237
20.8	11.6958560944	12.475		0.900357604027	4.14684548228
20.9	11.7914466858	12.597		0.954113304615	4.1698244112
21.0	11.8884687424	12.721		0.970224022865	4.26631546263
21.1	11.9903240204	12.847		1.00669908524	4.32993520649
21.2	12.0962972641	12.976		1.04746341705	4.38147522303
21.3	12.2031650543	13.106		1.05809748173	4.49791951589
21.4	12.3125391006	13.238		1.09373962879	4.51579511957
21.5	12.423166275	13.371		1.0953168869	4.63365741355
21.6	12.5357627869	13.506		1.11481297016	4.68775353932
21.7	12.6499700546	13.643		1.14028167725	4.77610775874
21.8	12.7706212997	13.78		1.19279658794	4.8022537399
21.9	12.8923463821	13.919		1.20343077183	4.82343031505
22.0	13.0176525116	14.059		1.25126671791	4.86930951707
22.1	13.1408100128	14.2		1.21760964394	4.86930951707
22.2	13.2645044327	14.341		1.22469902039	4.96559738179
22.3	13.3898105621	14.484		1.25126671791	5.037838963
22.4	13.5331964493	14.626		1.41788613796	9.08753587198
22.5	13.5331964493	14.77		1.41788613796	9.08753587198
22.6	13.6481199265	14.913		1.13608121872	11.3684619228
22.7	13.7732467651	15.057		1.25126671791	3.8392406024
22.8	13.926656723	15.201		1.5040191412	5.60011130849
22.9	14.0601968765	15.345		1.33540070057	5.788864845
23.0	14.205909729	15.489		1.45533597469	5.66238254684
23.1	14.3541288376	15.633		1.46751213074	5.62874230779
23.2	14.5066432953	15.776		1.5233591795	5.53224480139
23.3	14.6571893692	15.919		1.50545835495	5.48583322174
23.4	14.8107786179	16.061		1.51891040802	5.43766282589
23.5	14.9581022263	16.203		1.47323691845	5.42939889632
23.6	15.1186723709	16.343		1.60391294956	5.23662821117
23.7	15.2740516663	16.483		1.53663408756	5.17930093302
23.8	15.4390974045	16.622		1.63411355019	5.0082575758
23.9	15.6002044678	16.76		1.59334945679	4.91988535048
24.0	15.7666816711	16.896		1.66298556328	4.71546370231
24.1	15.9396038055	17.031		1.72742855549	4.45583415213
24.2	16.1080513	17.164		1.66601622105	4.36194262878
24.3	16.2718429565	17.296		1.62170708179	4.22967384901
24.4	16.426864624	17.426		1.54842031002	4.19830364324
24.5	16.584569931	17.555		1.55967462063	4.03562184233
24.6	16.7292079926	17.681		1.44638562202	4.08074137467
24.7	16.8740253448	17.805		1.44638562202	3.94628051569
24.8	17.0156211853	17.927		1.40193498135	3.9136947063
24.9	17.151845932	18.047		1.36046171188	3.88043388249
25.0	17.2850284576	18.165		1.33003032207	3.84141295283
25.1	17.4194641113	18.279		1.3310406208	3.76022298724
25.2	17.5429801941	18.391		1.23515617847	3.75597176035
25.3	17.6664962769	18.501		1.22292661667	3.74144877048
25.4	17.7862529755	18.607		1.19756436348	3.71461523213
25.5	17.9079780579	18.711		1.21725523472	3.56704290186
25.6	18.0271968842	18.811		1.18039023876	3.55897012071
25.7	18.1424789429	18.909		1.15281236172	3.46256285112
25.8	18.2531051636	19.002		1.10627019405	3.47557490877
25.9	18.3653430939	19.093		1.11126828194	3.30765513365
26.0	18.4743595123	19.18		1.09015953541	3.28345655856
26.1	18.5797958374	19.263		1.05435788631	3.18295444885
26.2	18.6816520691	19.342		1.00847148895	3.12492947728
26.3	18.7835083008	19.417		1.00669908524	2.99964044577
26.4	18.8823204041	19.489		0.978341460228	2.90261168296
26.5	18.98005867	19.556		0.967707276344	2.79714050122
26.6	19.0726051331	19.619		0.923681914806	2.66728380919
26.7	19.1635417938	19.678		0.898585319519	2.56164957306
26.8	19.2478542328	19.732		0.84312826395	2.48952767851
26.9	19.3275127411	19.781		0.796586155891	2.38172041675
27.0	19.4077091217	19.826		0.794016122818	2.21570756587
27.1	19.4812812805	19.866		0.733933329582	2.15361331977
27.2	19.5527057648	19.901		0.714242398739	1.99105991767
27.3	19.6205501556	19.931		0.669951200485	1.86897675816
27.4	19.6814136505	19.955		0.608627617359	1.77968620977
27.5	19.739233017	19.975		0.572471559048	1.62480861123
27.6	19.7927570343	19.989		0.533444166183	1.53467882979
27.7	19.843416214	19.997		0.506592929363	1.339822449
27.8	19.8749217987	20.0		0.308876752853	1.46807916779
27.9	19.9209270477	20.0		0.460050880909	1.06261442627
28.0	19.9495677948	20.0		0.286412984133	1.19026019393
28.1	19.9646053314	20.0		0.148878052831	1.38817900187
28.2	19.9794635773	20.0		0.14857673645	1.35172348035
28.3	19.9859085083	20.0		0.0644429177046	1.47114647453
28.4	19.9961128235	20.0		0.101024389267	1.3943153392
28.5	20.0147304535	20.0		0.186168447137	1.20126724121
28.6	20.0147304535	20.0		0.0	1.48679558573
28.7	20.0168781281	20.0		0.0212682932615	1.46375589508
28.8	20.0261859894	20.0		0.0921625941992	1.32911265208
28.9	20.0338840485	20.0		0.0762113779783	1.32408785684
29.0	20.0338840485	20.0		0.0	1.44495701871
29.1	20.0410442352	20.0		0.0716032460332	1.31353725435
29.2	20.0473098755	20.0		0.0620325133204	1.30425863596
29.3	20.0473098755	20.0		0.0	1.4015352038
29.4	20.0473098755	20.0		0.0	1.40813756991
29.5	20.0473098755	20.0		0.0	1.41341946279
29.6	20.0473098755	20.0		0.0	1.4176449771
29.7	20.0473098755	20.0		0.0	1.42102538855
29.8	20.0503520966	20.0		0.0301300808787	1.36454912111
29.9	20.0566177368	20.0		0.0626528412104	1.28495547999
30.0	20.0566177368	20.0		0.0	1.37828225858
30.1	20.0567970276	20.0		0.00177235761657	1.37709757642
30.2	20.0567970276	20.0		0.0	1.38195290297
30.3	20.0567970276	20.0		0.0	1.38352196848
30.4	20.0567970276	20.0		0.0	1.38477722088
30.5	20.0567970276	20.0		0.0	1.38578142281
30.6	20.0567970276	20.0		0.0	1.38658478435
30.7	20.0567970276	20.0		0.0	1.38722747358
30.8	20.0567970276	20.0		0.0	1.38774162496
30.9	20.0567970276	20.0		0.0	1.38815294607
31.0	20.0567970276	20.0		0.0	1.38848200296
31.1	20.0567970276	20.0		0.0	1.38874524847
31.2	20.0567970276	20.0		0.0	1.38895584488
31.3	20.0567970276	20.0		0.0	1.389124322
31.4	20.0567970276	20.0		0.0	1.3892591037
31.5	20.0567970276	20.0		0.0	1.38936692906
31.6	20.0567970276	20.0		0.0	1.38945318935
31.7	20.0567970276	20.0		0.0	1.38952219758
31.8	20.0567970276	20.0		0.0	1.38957740417
31.9	20.0567970276	20.0		0.0	1.38962156943
32.0	20.0567970276	20.0		0.0	1.38965690165
32.1	20.0567970276	20.0		0.0	1.38968516742
32.2	20.0567970276	20.0		0.0	1.38970778004
32.3	20.0567970276	20.0		0.0	1.38972587013
32.4	20.0567970276	20.0		0.0	1.38974034221
32.5	20.0567970276	20.0		0.0	1.38975191987
32.6	20.0567970276	20.0		0.0	1.38976118199
32.7	20.0567970276	20.0		0.0	1.3897685917
32.8	20.0567970276	20.0		0.0	1.38977451946
32.9	20.0567970276	19.999		0.0	1.38977926167
33.0	20.0567970276	19.997		0.0	1.3616126607
33.1	20.0567970276	19.994		0.0	1.34348440385
33.2	20.0567970276	19.989		0.0	1.32118428042
33.3	20.0567970276	19.983		0.0	1.26648129293
33.4	20.0567970276	19.976		0.0	1.2457068515
33.5	20.0567970276	19.968		0.0	1.20640231031
33.6	20.0567970276	19.958		0.0	1.16268627904
33.7	20.0567970276	19.947		0.0	1.08637568488
33.8	20.0567970276	19.935		0.0	1.04384027774
33.9	20.0567970276	19.921		0.0	0.982652083604
34.0	20.0567970276	19.906		0.0	0.88878385485
34.1	20.0567970276	19.89		0.0	0.828622435723
34.2	20.0567970276	19.873		0.0	0.749753527694
34.3	20.0567970276	19.855		0.0	0.666331218256
34.4	20.0567970276	19.835		0.0	0.578371211615
34.5	20.0567970276	19.814		0.0	0.457715676398
34.6	20.0567970276	19.792		0.0	0.370754555641
34.7	20.0567970276	19.769		0.0	0.265076029848
34.8	20.0567970276	19.745		0.0	0.15483616974
34.9	20.0567970276	19.72		0.0	0.0400522661042
35.0	20.0567970276	19.693		0.0	0.0400522661042
35.1	20.0567970276	19.665		0.0	0.0400522661042
35.2	20.0567970276	19.636		0.0	0.720295982139
35.3	20.0571556091	19.606		0.00358016253449	0.720295982139
35.4	20.0573348999	19.575		0.00177235761657	0.720295982139
35.5	20.0578727722	19.543		0.00537024345249	0.396557748218
35.6	20.0578727722	19.51		0.0	0.396557748218
35.7	20.058052063	19.475		0.00177235761657	0.396557748218
35.8	20.0582313538	19.44		0.00179008126725	0.0584563972715
35.9	20.0584106445	19.403		0.00179008126725	0.0584563972715
36.0	20.0584106445	19.366		0.0	0.0584563972715
36.1	20.0589485168	19.327		0.00537024345249	-0.345660075435
36.2	20.0591278076	19.287		0.00177235761657	-2.50088057584
36.3	20.0229682922	19.247		-0.358016252518	-1.46232604314
36.4	20.003276825	19.205		-0.196908935905	-1.74121135731
36.5	19.9674758911	19.162		-0.354471534491	-1.58232225022
36.6	19.9320316315	19.118		-0.354436069727	-1.59310154703
36.7	19.8928279877	19.074		-0.392027765512	-1.55610035729
36.8	19.8529090881	19.028		-0.395235747099	-1.54149087826
36.9	19.8110218048	18.981		-0.418879002333	-1.56143395023
37.0	19.7684173584	18.933		-0.424249261618	-1.55684942736
37.1	19.7256336212	18.885		-0.421821147203	-1.58474014692
37.2	19.681596756	18.835		-0.438569933176	-1.55672470757
37.3	19.6361293793	18.785		-0.450178802013	-1.60109590245
37.4	19.5886917114	18.733		-0.474371522665	-1.54465604526
37.5	19.5398216248	18.681		-0.486902117729	-1.58072961098
37.6	19.4905948639	18.627		-0.482619971037	-1.56474792503
37.7	19.4420833588	18.573		-0.485112011433	-1.62643844503
37.8	19.3955421448	18.518		-0.465421140194	-1.65354424817
37.9	19.3473892212	18.462		-0.476764172316	-1.68709245296
38.0	19.2997722626	18.405		-0.476161628962	-1.73245999022
38.1	19.2500076294	18.347		-0.4958525002	-1.7436952683
38.2	19.1991691589	18.289		-0.503349542618	-1.77204571615
38.3	19.1452884674	18.229		-0.533479571342	-1.7326280445
38.4	19.0906906128	18.169		-0.54597479105	-1.78251772173
38.5	19.0364513397	18.108		-0.537024378777	-1.78527591088
38.6	18.9816741943	18.046		-0.54597479105	-1.82232176414
38.7	18.9270763397	17.983		-0.540569067001	-1.86721193377
38.8	18.8714046478	17.919		-0.55120319128	-1.89276770096
38.9	18.8160915375	17.855		-0.551345050335	-1.9377850908
39.0	18.7586307526	17.79		-0.567154467106	-1.93060186652
39.1	18.7011699677	17.724		-0.574616074562	-1.97196225779
39.2	18.6433506012	17.657		-0.578196227551	-2.00936720342
39.3	18.5833835602	17.59		-0.591967463493	-2.02952287954
39.4	18.5219841003	17.521		-0.612207770348	-2.01101773871
39.5	18.4595108032	17.452		-0.622948229313	-2.06994720554
39.6	18.3956050873	17.383		-0.630959272385	-2.05046145632
39.7	18.3318786621	17.312		-0.637268900871	-2.06076161342
39.8	18.2677936554	17.241		-0.632731735706	-2.14161745363
39.9	18.2035293579	17.169		-0.642639160156	-2.12680546649
40.0	18.1389064789	17.096		-0.646219372749	-2.17487349229
40.1	18.0719566345	17.023		-0.656363070011	-2.19761550914
40.2	18.0039329529	16.949		-0.680230855942	-2.17073865051
40.3	17.934835434	16.874		-0.690971314907	-2.19764496161
40.4	17.8671703339	16.799		-0.668178796768	-2.26518078714
40.5	17.798789978	16.723		-0.682020962238	-2.26060205944
40.6	17.7305870056	16.646		-0.680230855942	-2.31904190265
40.7	17.662027359	16.569		-0.677040636539	-2.36783513015
40.8	17.591676712	16.491		-0.701711833477	-2.34980153765
40.9	17.5215053558	16.413		-0.699921786785	-2.40788677567
41.0	17.4490070343	16.334		-0.717804789543	-2.3927208637
41.1	17.3779411316	16.254		-0.703625977039	-2.46679905982
41.2	17.3058013916	16.173		-0.714260101318	-2.4976586578
41.3	17.2316913605	16.092		-0.731983721256	-2.51400500063
41.4	17.1575813293	16.011		-0.741093635559	-2.51506124293
41.5	17.0804290771	15.929		-0.763886153698	-2.49922518754
41.6	17.0009498596	15.846		-0.794796049595	-2.49195790304
41.7	16.9196796417	15.763		-0.812696874142	-2.48183850969
41.8	16.8393058777	15.679		-0.794016122818	-2.49707570992
41.9	16.757856369	15.595		-0.804650425911	-2.51732422289
42.0	16.6742591858	15.51		-0.835967898369	-2.46172970408
42.1	16.5908412933	15.425		-0.824146330357	-2.50444701893
42.2	16.5097503662	15.339		-0.802877962589	-2.5306236458
42.3	16.4268703461	15.253		-0.828807651997	-2.53365524073
42.4	16.3427371979	15.166		-0.833008110523	-2.52108481288
42.5	16.2673740387	15.079		-0.753624260426	-2.68791708377
42.6	16.1916542053	14.991		-0.74970728159	-2.73303426647
42.7	16.1157550812	14.903		-0.758994460106	-2.80022676722
42.8	16.0394973755	14.814		-0.762574613094	-2.83152842325
42.9	15.9646720886	14.725		-0.740845561028	-2.94853956019
43.0	15.8891305923	14.635		-0.755414247513	-2.97653880579
43.1	15.8141260147	14.545		-0.750044047832	-3.0727421348
43.2	15.7409114838	14.455		-0.724894225597	-3.16605439838
43.3	15.6702032089	14.364		-0.70529204607	-3.27772011397
43.4	15.5934085846	14.273		-0.767944812775	-3.28755065863
43.5	15.5200157166	14.181		-0.719542443752	-3.41274986735
43.6	15.4430418015	14.089		-0.769734919071	-3.44153091163
43.7	15.3657102585	13.997		-0.76565849781	-3.49711979417
43.8	15.2860517502	13.904		-0.796586155891	-3.5109958697
43.9	15.2080039978	13.811		-0.780475497246	-3.61879492511
44.0	15.1236915588	13.718		-0.834780395031	-3.5766952811
44.1	15.0386629105	13.624		-0.850288629532	-3.58932230847
44.2	14.9502325058	13.53		-0.882510006428	-3.5926438863
44.3	14.8612651825	13.436		-0.880861759186	-3.59882469367
44.4	14.7731933594	13.341		-0.880719959736	-3.62010202071
44.51	14.5814752579	13.246		-0.947690069675	-3.56003538276
44.6	14.5814752579	13.151		-0.947690069675	-3.53546517703
44.7	14.4882116318	13.055		-0.930842280388	-3.55721456245
44.8	14.2848587036	12.959		-0.984544754028	-3.43692406353
44.91	14.186583519	12.863		-0.980964541435	-3.44574963754
45.0	14.0854434967	12.766		-0.999609708786	-3.43542389696
45.1	13.9875259399	12.67		-0.967707276344	-3.41494259814
45.21	13.8919353485	12.573		-0.954113304615	-3.40404603607
45.3	13.7983140945	12.476		-0.926943063736	-3.46116815543
45.4	13.7070198059	12.378		-0.912941455841	-3.49259710746
45.5	13.7070198059	12.281		-0.912941455841	-3.5625789648
45.6	13.5203142166	12.183		-0.932260155678	-3.53599620751
45.7	13.4410133362	12.085		-0.793005943298	-0.818586489702
45.8	13.3355779648	11.987		-1.05256783962	-4.79744151808
45.9	13.2432098389	11.889		-0.912764191628	-3.07485525021
46.0	13.1461877823	11.791		-0.968433916569	-3.18264758872
46.1	13.0464801788	11.692		-0.987203240395	-3.18264758872
46.2	12.9437294006	11.593		-1.01733326912	0.665526798105
46.3	12.864607811	11.494		-0.791215956211	0.665526798105
46.4	12.7691965103	11.395		-0.942894220352	0.665526798105
46.5	12.6897172928	11.296		-0.794796049595	-6.08702203258
46.6	12.6218729019	11.197		-0.678440749645	0.22540099672
46.7	12.5669174194	11.097		-0.542341411114	0.22540099672
46.8	12.5277147293	10.998		-0.392027765512	-0.926095590244
46.9	12.4722223282	10.898		-0.554925203323	-6.12385244803
47.0	12.4163713455	10.798		-0.552975594997	-4.95381631027
47.1	12.353181839	10.699		-0.631898641586	-5.00530204054
47.2	12.2670793533	10.599		-0.850731611252	-4.76807266872
47.3	12.1661186218	10.499		-1.00960576534	-4.60242842015
47.4	12.0553121567	10.399		-1.10627019405	-4.41334572078
47.5	11.9362716675	10.299		-1.17684555054	-4.23372116277
47.6	11.8165149689	10.199		-1.19756436348	-4.10430847363
47.7	11.6922836304	10.099		-1.24231624603	-3.9309173059
47.8	11.5678730011	9.999		-1.23001623154	-3.82230341844
47.9	11.4445362091	9.899		-1.23336601257	-3.82230341844
48.0	11.3199462891	9.799		-1.24589645863	-3.56830032226
48.1	11.1946401596	9.699		-1.23887789249	-3.45723845283
48.2	11.0723772049	9.599		-1.2208353281	-3.36789796959
48.3	10.950293541	9.499		-1.21904528141	-3.36789796959
48.4	10.8298206329	9.4		-1.19102442265	-3.20430884762
48.5	10.7141809464	9.3		-1.1563924551	-3.14044998282
48.6	10.603553772	9.2		-1.0845785141	-3.21418213948
48.7	10.4972229004	9.1		-1.06151819229	-3.21418213948
48.8	10.3898181915	9.001		-1.07404875755	-3.19831849207
48.9	10.2845611572	8.901		-1.04214632511	-3.15545885058
49.0	10.181810379	8.802		-1.0257165432	-3.14406207702
49.1	10.091053009	8.702		-0.896813035011	-3.19032469939
49.2	9.99045085907	8.603		-0.996065020561	-6.15964789721
49.3	9.9226064682	8.504		-0.678440749645	0.548345301707
49.4	9.84957122803	8.405		-0.721349596977	0.548345301707
49.5	9.78548622131	8.306		-0.632731735706	-6.65109906998
49.6	9.73106765747	8.208		-0.544184684753	-0.357232074527
49.7	9.65230369568	8.109		-0.785845637321	-5.87569934364
49.81	9.58195304871	8.011		-0.701711833477	-4.2449830258
49.9	9.50050449371	7.913		-0.814486920834	-7.2747526923
50.01	9.4269323349	7.815		-0.728438913822	-0.671213427686
50.11	9.31773757935	7.717		-1.0919495821	-8.79530968816
50.21	9.22286319733	7.62		-0.94874304533	-3.18827719816
50.31	9.1229763031	7.522		-0.988975524902	-4.70920183507
50.41	9.01986789703	7.425		-1.03108668327	-4.69267860754
50.51	8.90924072266	7.328		-1.10627019405	-4.57586499668
50.61	8.797539711	7.232		-1.10417878628	-4.43970044799
50.7	8.797539711	7.135		-1.10417878628	-4.34443544092
50.8	8.68422794342	7.039		-1.1201300621	-4.28681570194
50.9	8.57145309448	6.943		-1.12775111198	-4.15771274671
51.01	8.34268093109	6.848		-1.13430893421	-4.08954759916
51.1	8.34268093109	6.753		-1.13430893421	-1.29330802523
51.2	8.24172019958	6.657		-0.997837424278	-7.7364456931
51.3	8.12572288513	6.563		-1.14671528339	-2.53083706326
51.4	8.02189826965	6.468		-1.03645706177	-3.88610134914
51.5	7.91395616531	6.374		-1.06873166561	-3.84768284712
51.6	7.80708837509	6.281		-1.06867849827	-3.7512992442
51.7	7.69681930542	6.187		-1.10269010067	-3.62730036389
51.8	7.58601331711	6.094		-1.0953168869	-3.59979363822
51.9	7.4730591774	6.001		-1.12954127789	-3.43249440705
52.0	7.3604631424	5.909		-1.1259611845	-3.35970957957
52.1	7.24983596802	5.817		-1.08282363415	-3.30423412031
52.2	7.14010381699	5.725		-1.09731972218	-3.22308383797
52.3	7.0355629921	5.634		-1.03328442574	-3.24140813796
52.4	6.93138027191	5.543		-1.04003703594	-3.1515774675
52.5	6.83292579651	5.453		-0.984544754028	-3.19711732388
52.6	6.73500823975	5.363		-0.969479680061	-3.162437774
52.7	6.63834381104	5.274		-0.966643869877	-3.15219143318
52.8	6.54311132431	5.184		-0.952323257923	-3.12172018132
52.9	6.45002698898	5.096		-0.919853568077	-3.18928438659
53.0	6.35604763031	5.008		-0.93800252676	-3.08418386469
53.1	6.26385831833	4.92		-0.92189180851	-3.11562273463
53.2	6.17310142517	4.833		-0.898585319519	-3.1347255211
53.3	6.08341836929	4.746		-0.895040631294	-3.10665140429
53.4	5.99230337143	4.659		-0.91115128994	-3.08682127198
53.5	5.90154647827	4.574		-0.898585319519	-3.08932542892
53.6	5.81168460846	4.488		-0.898620843887	-3.02163231588
53.7	5.71949529648	4.404		-0.912764191628	-3.0316369445
53.8	5.62569522858	4.319		-0.926943063736	-2.91402117238
53.9	5.53243207932	4.236		-0.932632386684	-2.92005765709
54.0	5.43970584869	4.152		-0.916308879852	-2.83787606113
54.1	5.34429454803	4.07		-0.952323257923	-2.79648725933
54.2	5.25067329407	3.988		-0.936212480068	-2.70092994007
54.3	5.15615701675	3.906		-0.935804843903	-2.67416063356
54.4	5.06181955338	3.825		-0.943372786045	-2.61120452999
54.5	4.97159957886	3.745		-0.902200937271	-2.59414786808
54.6	4.87958955765	3.665		-0.91099178791	-2.52431586796
54.7	4.78990650177	3.586		-0.896830677986	-2.51201822942
54.8	4.70290851593	3.508		-0.86136585474	-2.49872167192
54.9	4.61823749542	3.43		-0.846708416939	-2.47835470481
55.0	4.53249263763	3.352		-0.855658888817	-2.45025976238
55.1	4.45175981522	3.276		-0.79933321476	-2.51245980592
55.2	4.36870002747	3.2		-0.830597698689	-2.39946610287
55.3	4.29315853119	3.124		-0.753624260426	-2.52585432634
55.4	4.21475315094	3.05		-0.768681943417	-2.50693415834
55.5	4.13849592209	2.976		-0.762574613094	-2.45865199151
55.6	4.06528139114	2.902		-0.730353116989	-2.53597793608
55.7	3.99009799957	2.83		-0.744390249252	-2.52015926838
55.8	3.91688370705	2.758		-0.732143223286	-2.48556223879
55.9	3.84295344353	2.687		-0.737513482571	-2.50158459715
56.0	3.77027606964	2.616		-0.71957719326	-2.49606335152
56.1	3.6974196434	2.547		-0.728563010693	-2.49323644259
56.2	3.62295222282	2.478		-0.737300753593	-2.41602285136
56.3	3.54884290695	2.409		-0.733756065369	-2.42860852621
56.4	3.47688174248	2.342		-0.719612658024	-2.43388528
56.5	3.405636549	2.275		-0.698482692242	-2.40049721879
56.6	3.33242225647	2.209		-0.732143223286	-2.3594966455
56.7	3.25688076019	2.144		-0.755414247513	-2.26603654591
56.8	3.18187642097	2.079		-0.742617845535	-2.22747846293
56.9	3.1088411808	2.016		-0.728563010693	-2.22368609117
57.0	3.03652191162	1.953		-0.723192811012	-2.1437938019
57.1	2.96473956108	1.891		-0.710715353489	-2.15067209358
57.2	2.89080929756	1.83		-0.737513482571	-2.04187790397
57.3	2.81920599937	1.77		-0.708943068981	-2.02190701734
57.4	2.74992990494	1.71		-0.692761421204	-1.99326896017
57.5	2.68136978149	1.652		-0.683811068535	-1.98254069774
57.6	2.61567378044	1.594		-0.65045517683	-1.94946324452
57.7	2.55087280273	1.537		-0.648009419441	-1.95402126575
57.8	2.48911499977	1.481		-0.611463308334	-1.96112689662
57.9	2.4269990921	1.426		-0.613235712051	-1.92869996769
58.0	2.36166119576	1.372		-0.65158957243	-1.82794394992
58.1	2.29650211334	1.318		-0.65158957243	-1.77021664556
58.2	2.23080611229	1.266		-0.648682892323	-1.73847880708
58.3	2.16725826263	1.215		-0.635478854179	-1.65738931647
58.4	2.10711145401	1.164		-0.601467251778	-1.6674487977
58.5	2.04499554634	1.114		-0.615008115768	-1.61939656838
58.6	1.98413276672	1.066		-0.608627617359	-1.55668503149
58.7	1.92237496376	1.018		-0.605468690395	-1.47162692856
58.8	1.86222827435	0.971		-0.601467251778	-1.45349004868
58.9	1.80780982971	0.926		-0.544184684753	-1.47423298762
59.0	1.7610887289	0.881		-0.462585330009	-1.54708509485
59.1	1.71042943001	0.837		-0.506592929363	-1.4997705927
59.2	1.65887510777	0.795		-0.515543341637	-1.43648075482
59.3	1.61054289341	0.753		-0.47853654623	-1.43012197943
59.4	1.56901299953	0.712		-0.415298849344	-1.55240146677
59.5	1.52819919586	0.672		-0.408138513565	-1.54725102041
59.6	1.48720633984	0.634		-0.404097557068	-1.54752146103
59.7	1.45247876644	0.596		-0.347275793552	-1.6136089257
59.8	1.43797910213	0.56		-0.143560960889	-2.0489099788
59.9	1.39036297798	0.524		-0.476161628962	-1.50099056394
60.0	1.35599339008	0.49		-0.343695580959	-1.71455966048
60.1	1.31267344952	0.457		-0.428910583258	-1.51499823147
60.2	1.2688164711	0.424		-0.438569933176	-1.45664787283
60.3	1.22746562958	0.393		-0.41350877285	-1.46538327642
60.4	1.19076895714	0.363		-0.363333314657	-1.46613707601
60.5	1.15657842159	0.334		-0.341905534267	-1.48627985554
60.6	1.1218508482	0.307		-0.347275793552	-1.44899183899
60.7	1.08497512341	0.28		-0.365105688572	-1.35132018982
60.8	1.04774141312	0.255		-0.37054681778	-1.32920535777
60.9	1.00656950474	0.23		-0.411718666553	-1.15530286507
61.0	0.963607549667	0.207		-0.425365805626	-1.0862814914
61.1	0.923509716988	0.185		-0.400978237391	-0.994443156512
61.2	0.888424098492	0.164		-0.347382098436	-1.01533041137
61.3	0.855307579041	0.145		-0.326113849878	-0.986553525561
61.4	0.818968951702	0.126		-0.363386511803	-0.829824104657
61.5	0.793370783329	0.109		-0.251674771309	-0.987585851612
61.6	0.766340553761	0.093		-0.270302265882	-0.878281834526
61.7	0.741458415985	0.079		-0.248821288347	-0.879286791507
61.8	0.721767544746	0.065		-0.193186998367	-0.910739233612
61.9	0.705477833748	0.053		-0.162897393107	-0.980813508303
62.0	0.691515207291	0.042		-0.139626339078	-0.970204028849
62.1	0.663589954376	0.032		-0.276487797499	-0.712715863968
62.2	0.649985313416	0.024		-0.136046171188	-0.888968943873
62.3	0.627609312534	0.016		-0.22154468298	-0.675951319522
62.4	0.607918441296	0.011		-0.196908935905	-0.689890225158
62.5	0.582320272923	0.006		-0.255981624126	-0.444050013401
62.6	0.56298738718	0.003		-0.189538016915	-0.519097756266
62.7	0.550456821918	0.001		-0.125305682421	-0.527714853104
62.8	0.514476180077	0.001		-0.359806329012	-0.0507453675461
