%1-Time (s)	2-Velocity (m/s)	3-Yaw (rad)	4-ax	4-ay	4-az
22.99	0.0	-0.005	0.075	-0.005	2.355
23.0	0.0	-0.005	0.114	-0.007	3.598
23.1	0.0	0.006	0.146	-0.01	4.254
23.2	0.0	0.012	0.156	-0.012	4.605
23.3	0.0	-0.001	0.159	-0.009	4.788
23.43	0.0	-0.008	0.172	-0.011	4.873
23.5	0.0	-0.015	0.17	-0.011	4.927
23.6	0.0	-0.014	0.171	-0.01	4.963
23.7	0.0	-0.014	0.169	-0.012	4.977
23.8	0.0	-0.015	0.178	-0.011	4.982
23.9	0.0	-0.015	0.177	-0.013	4.985
24.0	0.0	-0.014	0.168	-0.011	4.991
24.11	0.0	-0.014	0.17	-0.01	4.991
24.2	0.0	-0.015	0.178	-0.008	4.987
24.43	0.0	-0.015	0.173	-0.004	4.985
24.44	0.0	-0.013	0.164	-0.004	4.984
24.5	0.0	-0.013	0.168	-0.007	4.99
24.6	0.0	-0.014	0.174	-0.01	4.982
24.7	0.0	-0.014	0.164	-0.008	4.996
24.8	0.0	-0.013	0.166	-0.006	4.992
24.9	0.0	-0.014	0.173	-0.01	4.99
25.0	0.0	-0.014	0.168	-0.012	4.991
25.1	0.0	-0.013	0.166	-0.013	4.994
25.33	0.0	-0.013	0.167	-0.018	4.989
25.38	0.0	-0.006	0.165	-0.016	4.986
25.4	0.0	-0.006	0.166	-0.009	4.994
25.5	0.0	0.007	0.165	-0.007	4.998
25.6	0.0	0.005	0.177	-0.006	4.986
25.7	0.0	0.004	0.175	-0.01	4.985
25.8	0.0	-0.001	0.167	-0.005	4.986
25.92	0.0	-0.001	0.167	-0.005	4.982
26.0	0.0	-0.007	0.17	-0.009	4.987
26.24	0.0	-0.006	0.16	-0.009	4.99
26.25	0.0	-0.005	0.159	-0.014	4.973
26.3	0.0	-0.006	0.165	-0.012	4.975
26.4	-0.00358016253449	-0.015	0.239	-0.006	5.024
26.49	0.0673495829105	-0.02	0.228	0.017	5.054
26.59	0.0984544679523	-0.002	0.091	0.007	5.012
26.69	0.0886178836226	-0.019	0.333	-0.01	5.012
26.79	0.0912941396236	-0.039	0.327	-0.012	5.003
26.91	0.103824712336	-0.043	0.369	-0.002	5.115
26.99	-0.0947690084577	0.005	-0.065	-0.028	5.123
27.1	0.0984544679523	0.038	-0.028	-0.033	5.027
27.19	0.127095773816	0.029	0.015	-0.022	4.984
27.29	0.138243898749	0.023	0.037	-0.025	5.117
27.39	0.200489118695	0.049	-0.222	-0.205	5.797
27.49	0.223760157824	0.083	-0.382	-0.106	5.566
27.6	0.163056924939	0.08	-0.172	0.014	4.95
27.7	0.349065840244	0.041	0.024	-0.02	5.347
27.8	0.235723555088	0.004	0.214	-0.119	5.77
27.9	0.144996598363	-0.028	0.305	0.123	4.406
28.0	0.300733625889	-0.031	0.211	-0.046	4.446
28.35	0.243451058865	-0.002	0.086	-0.067	4.959
28.39	0.315896689892	0.004	0.251	0.012	5.135
28.4	0.315896689892	0.017	0.029	-0.134	5.335
28.42	0.315896689892	0.03	0.072	-0.145	5.349
28.5	0.366966664791	0.013	0.18	-0.077	4.756
28.6	0.318634450436	-0.006	0.188	0.104	4.802
28.7	0.319024384022	0.001	0.14	-0.049	4.946
28.8	0.445730239153	-0.019	0.261	0.205	4.606
28.91	0.41350877285	-0.01	0.197	0.079	4.811
29.0	0.457268297672	-0.009	0.203	0.073	4.829
29.14	0.467211216688	-0.006	0.173	0.043	4.818
29.24	0.494487762451	-0.047	0.374	0.007	4.851
29.3	0.549430847168	-0.058	0.342	-0.035	5.071
29.4	0.544184684753	-0.037	0.187	0.034	5.021
29.5	0.545886158943	-0.027	0.21	0.049	4.996
29.6	0.5620855093	-0.035	0.316	-0.046	5.051
29.7	0.554925203323	-0.071	0.547	-0.124	4.874
29.8	0.544113814831	-0.09	0.501	-0.16	4.896
29.9	0.54597479105	-0.074	0.452	-0.107	5.102
30.0	0.563609778881	-0.061	0.324	-0.041	5.184
30.1	0.55474793911	-0.025	0.101	0.035	5.078
30.2	0.560295462608	0.002	0.038	0.052	4.985
30.3	0.553135097027	-0.01	0.185	-0.063	5.048
30.4	0.547658443451	-0.05	0.407	-0.139	4.911
30.5	0.540604531765	-0.067	0.396	-0.137	4.967
30.6	0.547658443451	-0.069	0.43	-0.117	5.135
30.7	0.556715250015	-0.053	0.277	-0.051	5.237
30.8	0.553135097027	-0.015	0.058	0.014	5.178
30.9	0.54404437542	-0.012	0.189	0.071	5.154
31.0	0.554925203323	-0.03	0.231	0.06	5.01
31.1	0.544184684753	-0.066	0.465	-0.007	4.794
31.19	0.547658443451	-0.084	0.449	-0.047	4.924
31.3	0.558505356312	-0.074	0.404	-0.029	5.031
31.42	0.553135097027	-0.068	0.401	-0.036	5.182
31.55	0.54228925705	-0.066	0.392	-0.041	5.158
31.6	0.556715250015	-0.068	0.417	0.012	5.195
31.7	0.542341411114	-0.034	0.098	0.033	4.957
31.8	0.542341411114	-0.027	0.267	-0.075	4.843
31.89	0.52449375391	-0.053	0.371	-0.094	5.042
31.99	0.542394638062	-0.049	0.271	-0.018	5.159
32.1	0.55120319128	-0.001	-0.006	0.04	5.042
32.2	0.558505356312	0.037	-0.058	0.044	4.933
32.3	0.569245815277	0.057	-0.182	-0.004	4.945
32.39	0.531707286835	0.04	0.04	-0.009	4.974
32.5	0.501222729683	-0.01	0.24	-0.077	4.996
32.6	0.520913660526	-0.021	0.242	-0.036	5.141
32.7	0.538796663284	0.002	0.046	-0.01	5.105
32.8	0.544184684753	-0.008	0.165	0.067	5.043
32.9	0.558505356312	0.003	-0.017	0.026	5.164
33.0	0.558292686939	-0.014	0.355	-0.009	4.843
33.1	0.558505356312	-0.058	0.379	-0.072	4.817
33.2	0.545886158943	-0.063	0.429	-0.034	4.972
33.3	0.524617791176	-0.034	0.204	-0.029	5.095
33.4	0.549554944038	0.0	0.035	0.014	5.094
33.5	0.545799255371	0.015	0.193	0.082	5.06
33.6	0.567455708981	0.031	-0.054	-0.027	5.184
33.7	0.563875555992	0.024	0.186	0.008	4.917
33.8	0.552975594997	-0.004	0.241	-0.07	4.912
33.9	0.556715250015	-0.023	0.371	-0.026	5.036
34.0	0.551345050335	-0.018	0.246	-0.018	5.176
34.11	0.537024378777	0.002	0.048	0.009	5.159
34.21	0.552975594997	0.014	-0.074	0.02	5.151
34.3	0.552975594997	0.045	-0.181	0.027	5.067
34.4	0.554925203323	0.012	0.216	-0.006	4.819
34.5	0.547764837742	-0.028	0.29	-0.067	4.813
34.6	0.540569067001	-0.047	0.404	-0.015	5.008
34.7	0.542394638062	-0.053	0.392	-0.012	5.143
34.82	0.563609778881	-0.041	0.263	0.012	5.219
34.9	0.563609778881	-0.02	0.114	0.029	5.105
35.0	0.563875555992	-0.015	0.133	-0.068	5.319
35.1	0.551345050335	-0.049	0.427	-0.113	5.006
35.2	0.558292686939	-0.069	0.445	-0.127	4.876
35.3	0.560295462608	-0.061	0.413	-0.103	5.057
35.4	0.563875555992	-0.048	0.329	-0.039	5.131
35.5	0.583105623722	0.004	-0.032	0.05	4.97
35.6	0.667700350285	0.059	-0.315	-0.005	5.84
35.7	0.64691054821	0.072	-0.23	0.076	5.234
35.8	0.726773023605	0.057	-0.081	0.006	5.314
35.9	0.72140276432	0.051	-0.081	-0.044	5.284
36.0	0.733582317829	0.004	0.222	-0.111	5.416
36.1	0.766154766083	-0.044	0.465	-0.002	5.121
36.2	0.8270175457	-0.033	0.13	-0.024	5.13
36.3	0.841869831085	0.002	0.078	-0.008	5.217
36.4	0.86460930109	0.002	0.168	-0.013	5.111
36.5	0.893250524998	0.006	0.066	-0.075	4.974
36.6	0.889723539352	0.013	0.073	-0.012	4.822
36.7	0.903991103172	-0.023	0.362	0.016	4.848
36.8	0.905674695969	-0.004	-0.001	-0.032	4.778
37.06	0.912764191628	0.049	-0.159	-0.094	4.588
37.08	0.912764191628	0.06	-0.143	-0.095	5.082
37.11	0.912764191628	0.047	-0.055	-0.07	5.198
37.2	0.916308879852	0.001	0.274	-0.069	5.117
37.3	0.920101761818	-0.036	0.142	0.063	5.365
37.4	0.912764191628	-0.034	0.321	0.045	5.128
37.5	0.934422433376	0.006	-0.097	-0.06	5.082
37.6	0.912941455841	0.023	0.112	-0.032	4.879
37.7	0.91099178791	-0.015	0.283	-0.066	4.985
37.8	0.925472080708	-0.003	0.063	-0.037	4.964
37.9	0.929052114487	-0.021	0.316	-0.067	5.036
38.0	0.923398375511	-0.013	0.122	0.1	5.135
38.1	0.923681914806	-0.027	0.301	0.08	4.792
38.2	0.923398375511	0.005	-0.078	-0.021	4.914
38.3	0.920101761818	0.001	0.23	-0.016	4.958
38.4	0.934032440186	-0.012	0.11	-0.008	4.92
38.5	0.932260155678	0.012	0.006	-0.056	5.187
38.6	0.946439027786	0.058	-0.318	-0.12	5.1
38.7	0.954113304615	0.07	-0.184	-0.081	5.038
38.96	0.979174494743	0.07	-0.278	-0.043	5.181
38.99	0.979174494743	0.02	0.22	0.029	5.162
39.0	0.979174494743	-0.031	0.279	0.031	4.98
39.1	0.960617780685	-0.017	0.118	-0.022	4.966
39.2	0.991705000401	-0.022	0.223	-0.045	5.017
39.3	0.96416258812	-0.029	0.099	-0.087	4.904
39.4	0.993495106697	-0.017	0.089	-0.044	4.839
39.5	0.966643869877	-0.004	-0.007	-0.098	4.97
39.6	0.967707276344	-0.011	0.071	-0.027	4.89
39.7	0.96485376358	-0.021	0.101	-0.068	4.798
39.8	0.991705000401	-0.016	0.08	-0.032	4.73
39.95	0.965934872627	-0.009	0.042	-0.103	4.933
40.0	0.997075200081	-0.001	-0.05	-0.117	4.708
40.1	0.989914894104	-0.048	0.399	-0.03	4.924
40.2	0.981886088848	-0.034	-0.041	-0.091	4.721
40.3	0.991705000401	-0.05	0.361	-0.039	5.016
40.4	0.980964541435	-0.027	-0.122	-0.063	5.035
40.5	0.985430836678	-0.025	0.209	0.055	4.827
40.6	0.991705000401	-0.032	0.079	-0.057	4.926
40.7	0.996065020561	-0.056	0.36	0.078	4.812
40.82	0.993495106697	-0.116	0.644	0.066	5.157
40.9	1.00602567196	-0.158	0.819	0.033	5.032
41.0	0.984544754028	-0.088	0.324	-0.03	4.964
41.1	1.00602567196	-0.044	0.316	-0.079	5.038
41.2	1.00065541267	-0.029	0.191	-0.04	4.757
41.3	0.985430836678	0.017	-0.154	-0.082	4.778
41.4	1.00960576534	-0.011	0.334	-0.039	5.051
41.5	0.995285153389	-0.023	0.088	0.088	5.405
41.74	0.998865365982	-0.027	0.304	-0.037	5.208
41.76	0.998865365982	-0.01	-0.004	0.014	5.059
41.8	1.0013821125	-0.016	0.26	0.062	4.914
41.9	1.00065541267	-0.023	0.119	0.008	4.924
42.0	1.00781571865	-0.058	0.508	-0.046	4.918
42.1	0.996065020561	-0.037	0.063	-0.063	5.035
42.2	0.998865365982	-0.007	0.148	-0.06	5.196
42.3	1.00244545937	-0.035	0.32	0.004	5.109
42.4	0.980113744736	-0.003	-0.073	-0.045	5.101
42.65	0.989914894104	0.013	0.131	-0.078	5.222
42.66	0.989914894104	0.026	-0.132	-0.095	5.009
42.7	0.992520213127	-0.004	0.31	0.029	4.927
42.8	0.993495106697	-0.03	0.161	-0.075	5.03
42.9	1.00423550606	-0.04	0.341	0.037	4.739
43.0	0.988975524902	-0.032	0.123	0.09	4.915
43.1	0.985430836678	-0.013	0.241	0.027	4.94
43.2	0.992520213127	-0.006	0.048	-0.002	4.918
43.3	0.995285153389	0.023	-0.099	-0.132	4.797
43.4	0.996065020561	0.04	-0.091	-0.104	4.871
43.5	0.99074780941	0.072	-0.355	-0.098	4.883
43.63	1.00423550606	0.104	-0.481	-0.076	4.804
43.7	1.00244545937	0.118	-0.503	0.023	5.137
43.8	0.987203240395	0.032	0.175	0.051	5.128
43.9	0.998865365982	-0.007	0.122	-0.075	5.202
44.0	1.00602567196	-0.044	0.483	-0.087	5.049
44.1	1.00492680073	-0.023	0.092	0.008	5.103
44.2	1.00065541267	0.005	0.134	-0.014	5.067
44.3	1.00669908524	0.038	-0.18	-0.019	4.984
44.4	1.0221363306	0.074	-0.393	-0.037	4.866
44.5	1.03466689587	0.018	0.267	-0.04	5.102
44.6	1.04214632511	-0.005	0.044	-0.145	5.159
44.7	1.04898750782	-0.029	0.401	-0.135	4.818
44.8	1.07046854496	-0.058	0.365	-0.051	4.763
44.9	1.06695914268	-0.005	0.007	-0.138	4.853
45.0	1.07583892345	-0.007	0.239	-0.159	4.838
45.1	1.06518697739	-0.067	0.515	-0.034	5.003
45.2	1.07227635384	-0.056	0.102	0.174	4.863
45.3	1.07762885094	-0.05	0.42	0.194	4.824
45.4	1.07936573029	-0.042	0.167	0.066	4.75
45.68	1.0919495821	-0.013	-0.049	0.057	4.514
45.7	1.09861850739	0.02	-0.137	-0.019	4.586
45.72	1.09861850739	0.024	-0.117	-0.098	4.758
45.8	1.13491141796	0.052	-0.209	-0.127	4.961
45.9	1.15102231503	0.031	0.032	0.089	5.023
46.0	1.13608121872	-0.003	0.076	-0.091	4.889
46.1	1.15460240841	-0.029	0.37	-0.03	4.918
46.2	1.158182621	-0.038	0.231	-0.09	4.876
46.3	1.16798377037	0.019	-0.142	-0.152	4.843
46.4	1.16798377037	0.028	0.112	0.11	4.936
46.5	1.18324375153	-0.032	0.344	0.01	4.906
46.6	1.18324375153	-0.086	0.613	0.062	4.899
46.7	1.1733007431	-0.105	0.552	0.076	4.853
46.8	1.18324375153	-0.017	0.036	-0.03	5.219
46.9	1.17507302761	0.055	-0.37	-0.075	5.304
47.0	1.18324375153	0.071	-0.168	-0.121	5.04
47.1	1.19398403168	0.045	-0.141	-0.233	5.085
47.2	1.187479496	-0.029	0.491	-0.08	4.926
47.3	1.20472466946	-0.095	0.614	0.039	4.79
47.57	1.19219410419	-0.042	0.087	-0.029	5.184
47.59	1.19219410419	-0.029	0.31	0.041	4.983
47.6	1.19219410419	-0.002	-0.071	-0.069	5.17
47.7	1.19219410419	0.031	-0.092	-0.192	5.163
47.8	1.17684555054	-0.023	0.243	-0.099	5.182
47.9	1.17608332634	-0.067	0.431	-0.034	5.061
48.0	1.1886138916	-0.091	0.51	-0.036	4.918
48.1	1.17250323296	-0.039	-0.025	-0.107	4.964
48.2	1.17966353893	-0.002	0.109	0.145	4.84
48.3	1.17152833939	-0.004	0.073	-0.046	4.853
48.4	1.18145370483	-0.039	0.373	0.075	4.819
48.5	1.16534292698	-0.088	0.486	0.042	4.894
48.6	1.16266667843	-0.035	0.006	-0.041	4.984
48.7	1.17250323296	0.037	-0.23	-0.137	4.805
48.8	1.16892313957	0.05	-0.078	-0.163	4.936
48.9	1.15734958649	-0.025	0.469	-0.145	5.04
49.0	1.17250323296	-0.056	0.399	-0.097	4.952
49.1	1.14565193653	-0.026	0.073	-0.078	5.102
49.2	1.14317071438	0.028	-0.16	-0.118	4.881
49.3	1.1563924551	0.039	-0.035	-0.112	5.031
49.56	1.15460240841	-0.008	0.223	-0.037	4.943
49.57	1.15460240841	-0.07	0.527	0.001	4.869
49.61	1.15460240841	-0.062	0.235	-0.033	4.774
49.7	1.13020825386	-0.002	-0.027	-0.047	4.814
49.8	1.15281236172	-0.018	0.288	-0.013	4.914
49.9	1.158182621	-0.064	0.437	0.027	5.093
50.0	1.13547313213	-0.041	0.165	-0.018	5.383
50.1	1.12775111198	0.02	-0.159	-0.172	5.246
50.2	1.13312149048	0.03	-0.018	-0.1	5.255
50.3	1.12669825554	-0.03	0.395	0.04	5.043
50.4	1.15281236172	-0.03	0.093	-0.004	5.232
50.5	1.13785362244	0.007	0.008	-0.011	5.134
50.6	1.13962602615	0.034	-0.161	-0.148	4.846
50.72	1.14923214912	0.025	0.044	0.103	4.933
50.8	1.15734958649	-0.032	0.346	0.032	5.076
50.9	1.15557730198	-0.018	0.027	-0.017	5.163
51.0	1.1599727869	0.045	-0.271	-0.115	5.212
51.1	1.13898313046	0.076	-0.351	-0.248	4.995
51.2	1.16892313957	0.031	0.118	-0.161	5.096
51.3	1.18145370483	-0.036	0.356	-0.035	5.106
51.4	1.1857073307	-0.071	0.479	-0.073	5.118
51.5	1.19756436348	-0.023	-0.014	-0.034	5.201
51.6	1.20651483536	0.033	-0.136	-0.072	4.888
51.7	1.2264714241	0.028	-0.004	-0.101	4.942
51.8	1.2208353281	0.04	-0.203	-0.144	4.945
51.9	1.23887789249	0.076	-0.281	-0.157	4.963
52.0	1.2548469305	0.055	-0.038	-0.128	5.176
52.1	1.24947667122	0.021	0.091	-0.081	5.146
52.2	1.23710560799	-0.017	0.324	0.038	4.976
52.3	1.23873639107	-0.078	0.415	0.115	4.774
52.4	1.24410653114	-0.094	0.499	0.04	5.04
52.5	1.23533332348	-0.093	0.476	-0.026	5.289
52.6	1.2584271431	-0.093	0.525	-0.027	5.366
52.7	1.2548469305	-0.054	0.2	-0.055	5.379
52.8	1.24419486523	-0.002	-0.041	-0.047	5.127
52.9	1.24947667122	0.052	-0.241	-0.156	5.131
53.0	1.23178863525	0.067	-0.188	-0.191	5.027
53.1	1.24768662453	0.054	-0.034	0.008	5.065
53.2	1.2584271431	0.023	0.134	0.16	5.121
53.3	1.24596738815	-0.008	0.254	0.109	4.995
53.4	1.25126671791	0.018	-0.045	-0.087	5.109
53.5	1.24947667122	0.055	-0.148	-0.191	5.081
53.6	1.22848725319	0.008	0.331	-0.159	4.89
53.7	1.24231624603	-0.08	0.543	-0.073	4.658
53.8	1.2548469305	-0.1	0.508	0.009	4.617
53.9	1.24065029621	-0.07	0.463	0.023	4.708
54.0	1.24768662453	-0.042	0.382	-0.026	4.739
54.1	1.26379728317	-0.064	0.579	-0.009	4.698
54.2	1.26558756828	-0.006	-0.085	-0.071	4.993
54.3	1.30138897896	0.038	0.086	-0.114	5.006
54.4	1.30268275738	-0.008	0.353	-0.017	5.099
54.68	1.29913818836	-0.03	0.288	-0.093	4.9
54.72	1.29913818836	-0.055	0.529	-0.085	4.794
54.73	1.29913818836	-0.093	0.648	-0.002	4.847
54.8	1.31749975681	-0.096	0.586	0.053	5.02
54.9	1.31749975681	-0.092	0.583	0.051	5.228
55.0	1.29913818836	-0.088	0.572	0.074	5.06
55.1	1.30496931076	-0.089	0.548	0.111	5.137
55.2	1.31570971012	-0.096	0.585	0.129	4.836
55.3	1.28991138935	-0.115	0.75	0.018	4.72
55.4	1.31033945084	-0.142	0.76	0.041	4.586
55.5	1.30445539951	-0.147	0.778	-0.023	4.86
55.6	1.31154465675	-0.161	0.897	-0.067	4.839
55.7	1.31749975681	-0.102	0.444	-0.119	4.972
55.8	1.30622768402	-0.061	0.435	-0.063	5.018
55.9	1.30268275738	0.014	-0.197	-0.264	5.069
56.0	1.33719074726	0.08	-0.357	-0.315	5.06
56.1	1.32676613331	0.06	-0.028	-0.035	5.128
56.2	1.33898067474	0.017	0.119	-0.125	5.007
56.3	1.34077095985	-0.034	0.431	-0.073	4.883
56.4	1.32749581337	-0.008	-0.014	-0.104	4.955
56.5	1.34435105324	0.052	-0.2	-0.125	5.029
56.66	1.31799125671	0.075	-0.218	-0.111	4.967
56.71	1.35330140591	0.103	-0.484	-0.276	5.001
56.8	1.34972119331	0.085	-0.009	-0.114	5.063
56.9	1.31448113918	0.006	0.257	-0.053	5.351
57.0	1.37478232384	-0.042	0.319	-0.08	4.98
57.1	1.35330140591	0.02	-0.275	-0.286	4.923
57.2	1.36362063885	0.084	-0.427	-0.181	4.904
57.3	1.38373291492	0.069	-0.065	-0.199	4.995
57.4	1.40521371365	0.038	-0.048	-0.141	5.021
57.5	1.3741505146	-0.016	0.37	-0.063	5.107
57.6	1.39447331429	-0.071	0.58	0.039	5.198
57.7	1.40521371365	-0.038	0.15	-0.077	5.114
57.8	1.38243889809	0.042	-0.298	-0.269	5.186
57.9	1.39984357357	0.008	0.333	-0.106	5.027
58.0	1.3842113018	0.003	-0.089	-0.058	4.823
58.1	1.39089310169	0.038	-0.065	-0.069	4.641
58.2	1.39984357357	-0.002	0.235	-0.048	4.556
58.34	1.40016245842	-0.019	0.156	-0.098	4.932
58.47	1.42311453819	-0.033	0.349	-0.108	4.881
58.5	1.41953444481	-0.088	0.661	0.015	4.997
58.6	1.40547955036	-0.054	0.143	0.056	5.058
58.7	1.4589163065	-0.06	0.555	0.088	4.916
58.8	1.491137743	0.034	-0.356	-0.202	4.925
58.9	1.52245521545	0.106	-0.326	-0.082	5.343
59.0	1.57348144054	-0.008	0.59	0.011	4.547
59.1	1.58980464935	-0.082	0.544	-0.118	5.105
59.21	1.66656553745	-0.145	1.173	0.102	5.167
59.3	1.65538191795	-0.102	0.325	-0.066	5.146
59.4	1.72627615929	0.076	-0.637	-0.349	4.983
59.5	1.71847808361	0.032	0.527	-0.139	4.836
59.6	1.75964987278	-0.009	0.147	-0.123	5.095
59.7	1.74222743511	0.043	-0.011	0.136	5.334
59.8	1.74222743511	0.106	-0.516	-0.238	5.15
59.9	1.77397048473	0.076	0.071	0.019	4.526
60.0	1.78830873966	0.062	-0.372	-0.046	4.941
60.15	1.84147965908	-0.044	0.81	0.335	4.633
60.2	1.87869894505	-0.144	0.85	0.138	5.307
60.3	1.87869894505	0.039	-0.607	-0.237	5.667
60.4	1.95655870438	0.108	-0.356	-0.193	5.543
60.5	1.93895936012	-0.007	0.696	-0.057	5.294
60.6	1.93895936012	-0.067	0.385	0.244	4.994
60.7	1.95655870438	-0.117	1.031	0.049	5.264
60.8	1.99952089787	-0.2	1.457	-0.046	5.757
60.9	1.96908950806	-0.139	0.484	-0.045	5.317
61.0	1.96022748947	-0.068	0.482	0.022	5.528
61.11	1.96557939053	-0.078	0.476	0.204	4.552
61.2	1.96557939053	-0.057	0.186	0.259	4.547
61.3	1.99952089787	-0.17	1.174	0.336	4.613
61.4	1.97086167336	-0.102	0.075	-0.044	4.758
61.5	2.00668096542	0.025	-0.031	-0.204	5.253
61.6	2.00099158287	0.141	-1.09	-0.23	5.189
61.71	2.01205134392	0.07	0.358	-0.203	5.003
61.8	2.01205134392	-0.135	1.132	-0.202	5.389
62.06	2.02816224098	-0.251	1.678	-0.037	4.68
62.07	2.02816224098	-0.03	-0.661	-0.331	5.338
62.1	2.02816224098	0.147	-0.466	-0.021	4.52
62.2	2.01205134392	-0.028	0.814	0.145	5.012
62.3	1.99744713306	0.038	-0.615	-0.204	4.831
62.4	1.99921941757	0.203	-1.28	-0.456	4.837
62.5	2.02279186249	0.186	-0.622	-0.292	5.023
62.6	2.02757692337	0.06	0.194	-0.215	5.409
62.7	2.06038355827	-0.105	1.187	-0.071	5.517
62.8	2.05061769485	-0.219	1.309	0.225	4.759
62.9	2.08074784279	0.06	-1.151	-0.121	4.727
63.01	2.14451742172	0.04	0.792	-0.025	4.328
63.1	2.15873146057	-0.292	1.898	0.03	3.943
63.2	2.23223137856	-0.306	1.757	-0.394	5.108
63.3	2.2483420372	-0.315	1.965	0.057	4.622
63.4	2.22356176376	-0.273	1.582	-0.357	5.454
63.5	2.28414368629	-0.29	2.182	-0.005	4.927
63.61	2.29165863991	-0.439	2.519	0.332	4.282
63.7	2.30052018166	-0.428	2.229	-0.062	4.586
63.95	2.28988623619	-0.207	0.566	-0.37	5.033
63.96	2.28988623619	0.055	-0.687	-0.408	4.704
64.0	2.28988623619	-0.035	0.967	0.323	4.296
64.1	2.33068585396	-0.205	1.281	-0.196	5.42
64.2	2.30583715439	-0.259	1.915	-0.216	4.518
64.3	2.33605599403	-0.338	2.22	0.078	5.454
64.4	2.33426570892	-0.075	-0.535	-0.036	5.763
64.5	2.31115460396	-0.08	1.37	0.151	4.45
64.6	2.3467965126	-0.024	-0.493	-0.23	4.683
64.7	2.34660148621	0.29	-2.181	-0.284	5.238
64.8	2.33242249489	0.19	0.234	0.006	4.917
64.9	2.36469721794	0.084	-0.6	-0.297	5.508
65.0	2.37318658829	0.287	-2.538	-0.27	5.602
65.1	2.39154863358	0.226	0.333	0.443	4.79
65.2	2.40863394737	-0.282	1.943	0.801	4.897
65.3	2.41926789284	-0.009	-1.137	0.201	4.919
65.4	2.4810526371	0.374	-2.874	-0.384	5.84
65.5	2.50432372093	0.334	-1.049	-0.418	4.332
65.6	2.48484539986	0.211	-0.635	-0.408	3.584
65.78	2.5383348465	-0.066	1.213	-0.242	2.875
65.91	2.4903190136	-0.582	2.948	0.34	2.708
65.91	2.4903190136	-0.438	1.499	-0.18	4.664
66.0	2.55444598198	-0.396	2.997	0.12	4.889
66.1	2.51313376427	-0.625	4.236	0.574	4.689
66.2	2.52915430069	-0.457	1.971	-0.224	5.621
66.3	2.55265593529	-0.282	2.211	-0.163	5.851
66.4	2.53978848457	-0.168	0.9	-0.715	6.352
66.5	2.57234668732	-0.002	-0.228	-0.691	6.415
66.6	2.57234668732	0.246	-2.801	-0.607	6.537
66.7	2.54156112671	0.391	-3.795	-0.754	6.852
66.8	2.59561777115	0.31	-1.637	-0.778	6.932
66.9	2.56105661392	0.326	-3.558	-0.835	6.719
67.0	2.56814622879	0.32	-2.222	-0.972	6.851
67.1	2.59561777115	0.365	-3.907	-0.766	6.321
67.2	2.56637382507	0.369	-2.914	-1.015	6.711
67.3	2.6153087616	0.401	-4.321	-0.843	6.098
67.4	2.59561777115	0.39	-3.076	-1.012	6.501
67.66	2.60814833641	0.368	-3.66	-0.973	6.733
67.68	2.60814833641	0.396	-3.968	-0.952	6.856
67.7	2.60814833641	0.234	0.213	-0.276	6.679
67.8	2.59737300873	0.262	-2.686	-0.257	6.05
67.9	2.64036989212	0.078	1.656	0.475	6.378
68.0	2.67259120941	-0.436	3.824	0.685	6.015
68.1	2.64435768127	-0.505	2.588	0.09	4.145
68.2	2.67796134949	-0.628	3.231	0.206	2.418
68.3	2.66385340691	-0.15	-1.443	0.066	3.243
68.4	2.68512177467	0.608	-3.818	0.017	3.755
68.55	2.67980480194	0.39	0.813	0.61	3.663
68.7	2.72450375557	-0.639	3.134	0.812	3.681
68.72	2.72450375557	-0.874	4.353	0.892	3.55
68.8	2.72808384895	-0.413	-1.075	0.543	3.67
68.9	2.69930052757	0.646	-3.906	0.226	3.721
69.0	2.70639014244	0.357	0.018	0.198	5.558
69.1	2.74061441422	-0.263	2.731	0.335	6.154
69.2	2.73297548294	-0.182	0.361	-0.271	5.852
69.3	2.75314474106	0.071	-0.698	-0.728	6.825
69.4	2.74538183212	0.035	0.617	-0.511	7.054
69.52	2.78715634346	0.221	-2.911	-0.645	6.422
69.6	2.80147719383	0.472	-4.364	-0.562	4.305
69.7	2.81095910072	0.259	1.017	0.056	5.671
69.8	2.86950039864	-0.394	3.534	0.131	5.285
69.9	2.87653636932	-0.427	2.288	-0.148	5.495
70.0	2.86944699287	-0.564	5.355	0.483	5.71
70.1	2.90134954453	-0.51	1.922	0.02	5.125
70.2	2.93394327164	0.183	-2.55	-0.071	3.679
70.43	2.9428935051	0.639	-5.762	-0.291	3.176
70.44	2.9428935051	0.627	-6.707	-0.474	3.132
70.5	2.9375231266	0.558	-3.131	-0.549	4.67
70.6	2.96616482735	0.568	-6.071	-0.552	3.539
70.7	2.95363426208	0.49	-0.574	-0.04	5.547
70.8	2.92793488503	-0.277	3.804	0.46	6.646
70.9	2.93215298653	-0.576	5.697	0.609	7.445
71.0	2.95542407036	-0.319	-0.131	0.848	7.159
71.1	2.91151452065	0.358	-2.883	0.301	5.908
71.2	2.97511506081	0.404	-1.958	-0.216	5.81
71.3	2.95184397697	0.573	-5.161	-0.216	3.926
71.4	2.91552829742	0.517	-1.478	-0.051	5.356
71.5	2.9464738369	0.565	-5.077	-0.241	3.747
71.6	2.92084550858	0.471	-0.408	0.182	5.372
71.7	2.95184397697	0.493	-4.372	-0.333	4.049
71.8	2.94826388359	0.277	1.035	0.265	5.686
71.9	2.92084550858	0.218	-2.485	-0.226	5.006
72.0	2.95005393028	0.476	-3.619	-0.486	4.389
72.1	2.91021108627	0.497	-4.028	-0.625	4.737
72.2	2.91198348999	0.561	-5.286	-0.497	3.997
72.3	2.91198348999	0.571	-4.096	-0.511	4.465
72.43	2.95184397697	0.272	0.932	0.094	5.962
72.5	2.95184397697	-0.126	1.111	-0.029	5.843
72.6	2.88518977165	0.341	-3.477	-0.074	4.002
72.7	2.9411034584	0.368	-0.201	0.162	5.132
72.8	2.91021108627	0.536	-4.532	-0.0	3.658
72.9	2.9375231266	0.508	-0.873	-0.082	4.173
73.0	2.93573331833	0.567	-4.681	-0.233	3.498
73.1	2.89957690239	0.513	-1.422	-0.353	3.83
73.36	2.89603257179	0.232	-0.759	-0.456	4.659
73.36	2.89603257179	0.494	-4.603	-0.335	3.515
73.4	2.89603257179	0.622	-6.529	-0.469	3.193
73.5	2.90843892097	0.567	-3.139	-0.532	3.792
73.6	2.93573331833	0.53	-5.515	-0.717	3.168
73.7	2.88343477249	0.515	-3.053	-0.566	4.154
73.8	2.91375565529	0.459	-2.717	-0.513	3.542
73.9	2.89780497551	0.367	-1.459	-0.569	4.075
74.0	2.92857289314	-0.17	2.941	0.124	5.819
74.1	2.93036317825	-0.269	0.829	-0.111	5.332
74.2	2.92730903625	-0.241	2.291	-0.208	5.965
74.3	3.16844391823	-0.461	5.083	-0.089	6.582
74.4	3.34798336029	-0.306	0.023	-0.445	4.513
74.5	3.49331665039	-0.364	3.753	0.353	5.542
74.6	3.60497546196	-0.584	3.323	0.433	4.765
74.7	3.70009803772	-0.61	2.358	0.416	3.46
74.8	3.6995010376	-0.021	-1.341	-0.022	4.846
74.9	3.79318213463	0.495	-4.53	-0.448	4.377
75.0	3.76980495453	0.277	0.825	-0.022	6.354
75.1	3.84509444237	-0.037	0.544	-0.007	7.262
75.2	3.85583472252	-0.305	3.928	0.426	6.999
75.3	3.85842227936	-0.481	3.893	0.376	7.161
75.4	3.89342689514	-0.579	5.398	0.483	6.366
75.5	3.88323545456	-0.567	3.9	0.612	7.304
75.6	3.88500738144	-0.058	-1.94	0.285	4.524
75.7	3.89209747314	0.389	-1.542	0.288	5.67
75.8	3.94354915619	0.68	-4.539	0.073	2.19
75.9	3.92045497894	0.782	-5.652	0.011	2.551
76.0	3.95786952972	0.689	-3.476	-0.267	2.212
76.1	3.93108916283	0.539	-5.067	-0.383	0.69
76.2	3.96299123764	0.529	0.47	-0.037	3.384
76.3	3.97539806366	-0.375	2.529	0.053	3.979
76.4	3.98603224754	-0.065	-1.05	-0.015	4.927
76.5	4.07422494888	-0.137	2.088	0.317	4.583
76.6	4.11718702316	-0.48	3.909	0.269	6.191
76.7	4.17567396164	-0.517	2.967	-0.039	3.844
76.8	4.21643877029	-0.426	3.298	-0.217	6.484
76.9	4.28187417984	-0.48	4.853	0.03	6.071
77.0	4.30335569382	-0.288	-0.196	-0.081	4.931
77.1	4.26606464386	0.056	0.046	0.095	6.716
77.2	4.27138185501	0.393	-3.267	-0.395	2.564
77.3	4.29442214966	0.665	-5.085	-0.016	0.874
77.4	4.3284163475	0.883	-5.961	0.206	1.454
77.5	4.32278060913	0.837	-1.006	0.016	1.235
77.6	4.35468292236	-0.316	2.378	-0.125	3.104
77.7	4.52174472809	-0.42	-0.103	-0.222	-0.391
77.95	4.72510528564	0.174	-0.348	-0.232	3.231
77.96	4.72510528564	-0.19	1.26	-0.394	0.019
78.0	4.72510528564	-0.232	1.271	-0.545	-1.696
78.1	4.76055288315	-0.346	2.273	-0.525	-1.978
78.2	4.80815792084	0.044	-1.587	0.044	-2.05
78.3	4.77650356293	1.103	-1.091	0.148	2.049
78.4	4.78182077408	0.615	-2.718	-0.001	3.147
78.5	4.8332195282	0.263	0.283	-0.566	3.42
78.6	4.81372308731	0.029	-0.138	-0.407	4.702
78.7	4.88461685181	-0.116	1.632	-0.669	4.733
78.8	4.92360925674	0.045	-1.263	-0.475	4.155
78.9	4.98179626465	0.349	-2.229	-0.423	4.636
79.0	4.97323560715	0.52	-0.991	-0.026	-0.114
79.1	4.97855234146	0.287	0.096	-0.032	-2.537
79.2	5.05160951614	-0.205	1.269	-0.128	-3.378
79.3	5.03907871246	-0.298	0.145	-0.323	0.997
79.4	4.95431280136	0.238	-1.275	-0.392	3.098
79.5	5.04444885254	0.346	-0.404	-0.207	-0.797
79.6	5.0695104599	-0.208	1.496	-0.43	-2.258
79.83	5.20376634598	-0.368	3.371	-0.844	-2.082
79.85	5.20376634598	-0.564	4.36	0.007	-2.014
79.9	5.16110515594	-0.969	0.195	0.18	0.447
80.0	5.16287755966	-0.573	0.577	0.386	-2.056
80.1	5.16287755966	-0.568	2.242	-0.501	-0.47
80.2	5.15047121048	-0.511	1.305	0.063	-2.375
80.3	5.19839572906	-0.513	2.899	-0.507	-1.229
80.41	5.13983726501	-0.477	0.97	-0.073	-2.215
80.5	5.13806438446	-0.463	2.707	-0.38	-2.53
80.6	5.18944549561	-0.317	-0.237	-0.042	-2.029
80.7	5.12743091583	-0.243	1.579	-0.167	-3.053
80.8	5.1097073555	0.069	-1.208	-0.011	0.009
80.9	5.16438436508	0.932	-1.315	0.392	-1.745
81.0	5.10439014435	-0.058	1.301	0.058	-2.444
81.1	5.06539773941	0.664	-1.659	0.247	0.398
81.2	5.07603263855	-4.362	-2.736	0.524	-0.631
81.3	5.04557228088	1.168	0.156	0.118	1.557
81.4	5.09815120697	0.099	-0.25	0.27	3.604
81.5	5.02463388443	0.29	-0.258	0.046	-0.254
81.6	4.99450397491	-0.081	0.524	-0.216	-2.356
81.7	5.02833795547	-0.031	0.871	-0.116	1.43
81.8	4.95957756042	0.514	2.446	-0.319	-1.141
81.92	5.03728866577	-0.426	3.565	-0.65	-1.818
82.0	5.02117776871	-0.466	1.129	-0.02	-3.078
82.1	4.88060426712	0.099	-0.975	0.405	-3.378
82.2	4.92715454102	-0.244	1.807	-0.032	-1.925
82.3	4.92715454102	-0.614	3.058	-0.178	-2.207
82.4	4.97105550766	0.554	1.985	-0.611	1.455
82.5	4.89170646667	-0.366	2.831	-0.707	2.323
82.77	4.89050197601	-0.196	-1.096	-0.082	0.548
82.79	4.89050197601	0.777	-1.51	0.258	-2.391
82.81	4.79600000381	0.895	-3.643	0.373	-1.45
82.9	4.79600000381	0.48	0.001	-0.538	0.234
83.0	4.79245519638	0.118	-0.246	-0.037	-2.584
83.1	4.83858966827	-0.199	1.568	-0.194	-3.174
83.2	4.76232481003	0.215	-1.871	0.047	-1.899
83.3	4.73042201996	1.003	-3.777	0.694	-1.43
83.4	4.76340579987	1.397	0.276	-0.023	1.754
83.5	4.69497585297	-0.368	2.537	-0.446	3.62
83.6	4.68256902695	-0.195	-0.98	0.129	0.679
83.7	4.67569255829	1.529	-2.723	0.481	-1.149
83.8	4.59278678894	0.748	0.934	-0.11	-0.521
83.9	4.63471460342	-0.257	0.271	0.093	3.513
84.0	4.56204795837	-0.346	2.874	-0.294	4.189
84.1	4.50533294678	-0.367	2.362	-0.243	6.214
84.2	4.48236370087	-0.26	0.743	-0.355	2.118
84.3	4.38304042816	-0.19	0.489	-0.44	0.483
84.4	4.35999965668	0.009	-0.219	-0.198	3.751
84.63	4.3588476181	-0.195	1.819	-0.457	3.763
84.66	4.3588476181	0.173	-2.437	-0.029	4.036
84.7	4.3588476181	0.66	-3.368	-0.151	1.093
84.8	4.29087781906	0.133	-5.028	-0.258	-0.332
84.9	4.31214618683	0.488	0.034	-0.324	2.187
85.0	4.34631729126	-0.272	1.72	-0.286	2.899
85.1	4.31051540375	-0.321	1.889	-0.194	5.637
85.2	4.16858530045	-0.439	3.734	-0.014	5.046
85.3	4.19517087936	-0.219	-1.266	-0.234	1.879
85.4	4.11181640625	0.555	-3.966	-0.239	0.517
85.5	4.02856874466	0.394	0.814	-0.103	3.72
85.6	3.98830080032	-0.389	2.601	-0.014	4.101
85.7	3.92222738266	-0.399	2.408	-0.1	5.915
85.8	3.89741444588	-0.468	4.53	0.047	6.336
85.9	3.9721903801	-0.239	-0.226	0.072	6.181
86.0	3.88201951981	-0.055	1.3	0.101	6.494
86.1	3.88805675507	-0.13	1.064	-0.159	6.988
86.2	3.67055249214	-0.209	2.53	-0.172	7.546
86.3	3.57314229012	0.093	-2.383	-0.543	6.252
86.4	3.50749540329	-0.027	2.51	0.475	5.626
86.5	3.38874769211	-0.6	5.149	0.676	5.666
86.6	3.34798336029	-0.318	-0.449	0.042	5.271
86.7	3.32060074806	0.191	-1.089	-0.36	5.614
86.8	3.22565627098	0.446	-4.051	-0.42	4.374
86.9	3.20245552063	0.356	-0.364	-0.409	4.869
87.0	3.13707327843	-0.002	0.784	-0.573	5.176
87.1	3.07681298256	-0.268	3.016	-0.384	5.196
87.2	3.03250408173	-0.114	-0.585	-0.551	4.392
87.3	3.01628684998	0.47	-4.411	-0.34	3.342
87.42	2.94034099579	0.261	1.311	0.168	5.091
87.5	2.9428935051	0.343	-3.431	0.166	4.068
87.6	2.88717031479	0.317	-0.161	-0.132	5.675
87.7	2.89814138412	0.425	-4.142	-0.142	4.682
87.8	2.88024091721	0.501	-3.167	-0.511	5.077
87.9	2.84640645981	0.412	-2.146	-0.487	4.614
88.0	2.86054968834	0.107	1.048	-0.28	5.772
88.1	2.86233997345	-0.412	4.398	0.264	5.752
88.33	2.83399987221	-0.461	2.256	-0.019	5.226
88.34	2.83399987221	0.023	-1.395	-0.326	4.869
88.4	2.84443902969	0.483	-4.237	-0.398	4.591
88.5	2.81627631187	0.569	-5.021	-0.585	4.482
88.6	2.84443902969	0.381	0.349	-0.054	4.493
88.7	2.84622907639	0.259	-2.178	-0.356	4.34
88.8	2.85159945488	0.048	1.511	0.034	5.53
88.9	2.82336568832	0.248	-2.857	-0.174	4.318
89.0	2.80741429329	0.565	-4.064	-0.273	4.37
89.1	2.83727884293	0.329	0.854	-0.04	3.968
89.25	2.84264922142	-0.515	3.64	0.275	3.577
89.3	2.80918669701	-0.628	4.107	0.222	5.07
89.4	2.83011841774	-0.696	5.958	0.741	5.074
89.5	2.8157980442	-0.428	-0.521	0.28	4.577
89.6	2.75069904327	0.333	-2.221	-0.166	5.39
89.7	2.72411346436	0.017	1.996	0.507	5.523
89.8	2.73829269409	0.178	-2.375	0.222	4.224
89.9	2.70107293129	0.654	-4.558	0.027	3.848
90.0	2.7101829052	0.493	-1.33	-0.158	5.46
90.1	2.65676403046	0.154	-0.141	-0.492	6.317
90.2	2.67617154121	0.238	-2.263	-0.59	5.723
90.3	2.66185092926	0.093	1.245	0.096	5.159
90.4	2.61068296432	-0.371	2.42	0.17	4.023
90.5	2.61888861656	-0.703	3.854	0.736	3.565
90.6	2.57346343994	-0.799	3.447	0.407	3.156
90.7	2.56105661392	-0.393	0.461	-0.1	4.184
90.8	2.55751204491	-0.368	2.413	0.3	3.494
90.9	2.53447127342	-0.491	2.042	0.082	3.921
91.01	2.55265593529	-0.093	-0.335	-0.228	5.04
91.1	2.54907560349	-0.177	1.916	0.483	4.308
91.2	2.51497554779	-0.429	2.336	0.235	4.911
91.3	2.48307299614	-0.382	2.381	0.002	5.411
91.4	2.46180462837	0.04	-1.609	-0.065	5.828
91.5	2.42281293869	0.401	-3.058	-0.274	5.711
91.6	2.38382124901	0.346	-1.089	-0.37	5.254
91.7	2.37185764313	0.112	0.132	-0.607	6.042
91.8	2.29874777794	0.249	-2.371	-0.323	5.454
91.9	2.28593373299	0.221	-0.293	-0.328	5.769
92.0	2.24297165871	0.267	-2.184	-0.347	5.755
92.1	2.17091202736	0.23	-0.604	-0.57	5.815
92.2	2.19284963608	0.007	0.816	-0.328	4.803
92.3	2.16582107544	0.132	-1.479	-0.327	5.13
92.4	2.13735699654	0.198	-0.442	-0.182	5.332
92.5	2.13735699654	0.087	-0.012	-0.182	5.332
92.6	2.09369301796	0.191	-1.685	-0.442	5.608
92.7	2.09976530075	0.16	-0.074	-0.192	5.202
92.8	2.11766600609	-0.002	0.479	-0.043	5.085
92.97	2.11087799072	-0.063	0.637	0.174	4.998
93.0	2.09976530075	0.134	-1.239	-0.145	4.864
93.1	2.08074784279	0.139	0.038	-0.063	4.932
93.2	2.06656885147	-0.1	1.154	0.175	5.001
93.3	2.06754374504	-0.271	1.624	0.235	4.631
93.4	2.06754374504	-0.033	-0.585	-0.208	5.138
93.5	2.05859351158	0.276	-1.8	-0.334	5.248
93.6	2.05859351158	0.214	-0.534	-0.438	5.88
93.7	1.9230080843	0.102	-0.144	-0.073	5.773
93.8	1.9230080843	-0.009	0.724	-0.186	5.879
93.9	1.93149769306	0.033	-0.343	-0.326	5.483
94.01	1.80587601662	0.071	0.038	-0.301	5.477
94.1	1.80587601662	-0.036	0.822	0.002	5.719
94.2	1.80082166195	-0.068	0.563	-0.029	5.76
94.3	1.7578599453	-0.056	0.512	-0.09	5.122
94.4	1.67842268944	-0.12	1.134	-0.004	5.284
94.5	1.70594751835	-0.136	0.829	0.038	5.133
94.6	1.60221135616	-0.106	0.743	0.165	5.347
94.7	1.62718391418	-0.093	0.611	-0.044	5.394
94.95	1.4893475771	-0.013	0.056	-0.127	5.568
94.96	1.4893475771	0.033	0.036	0.03	5.66
95.0	1.4893475771	-0.01	0.451	-0.066	5.494
95.1	1.45533597469	-0.039	0.328	-0.089	5.034
95.2	1.40925037861	-0.048	0.442	-0.02	4.675
95.3	1.43206501007	-0.075	0.548	-0.026	4.687
95.4	1.39984357357	-0.042	0.217	0.11	5.032
95.5	1.36826014519	-0.013	0.223	0.21	5.057
95.6	1.34256088734	-0.083	0.644	0.061	3.715
95.7	1.30622768402	-0.131	0.485	0.208	3.609
95.84	1.158182621	-0.122	0.597	0.121	4.036
95.97	1.07050406933	-0.094	0.53	0.032	4.974
96.0	1.07050406933	-0.031	0.167	-0.152	4.872
96.1	0.943372786045	-0.024	0.368	-0.058	4.865
96.2	0.918311715126	-0.01	0.102	0.017	3.33
96.3	0.829463362694	0.001	0.137	0.059	4.18
96.4	0.677040636539	-0.029	0.369	-0.048	4.74
96.5	0.628318548203	-0.058	0.565	0.171	4.911
96.6	0.625642240047	-0.032	0.124	-0.133	4.76
96.83	0.217617735267	0.053	-0.199	-0.136	4.42
96.85	0.217617735267	0.106	-0.369	-0.137	4.24
96.9	0.217617735267	0.04	0.268	0.095	4.799
97.0	0.255981624126	0.02	-0.039	-0.244	4.122
97.1	0.310162574053	0.03	0.106	-0.206	5.195
97.2	0.0841338261962	0.023	0.067	-0.029	4.713
97.29	0.0125305699185	0.027	0.06	-0.23	4.947
97.39	0.0957073122263	0.022	0.106	-0.054	4.812
97.5	0.0554925203323	0.007	0.199	-0.085	4.954
97.6	0.048332195729	-0.001	0.204	-0.038	5.004
97.73	0.0230406485498	0.003	0.167	-0.088	5.044
97.8	0.014320650138	-0.001	0.174	-0.06	5.022
97.9	0.0161107294261	0.008	0.146	-0.077	5.015
98.0	0.0141788609326	0.022	0.152	-0.061	4.97
98.1	0.014320650138	0.018	0.184	-0.048	4.994
98.2	0.0161107294261	0.014	0.192	-0.037	4.987
98.3	0.0141788609326	0.018	0.156	-0.053	4.976
98.4	0.0141788609326	0.023	0.139	-0.062	4.981
98.5	0.0141788609326	0.02	0.175	-0.042	5.005
98.6	0.014320650138	0.015	0.201	-0.042	5.003
98.7	0.014320650138	0.016	0.167	-0.054	4.98
98.8	0.0159512199461	0.016	0.145	-0.06	4.988
98.9	0.014320650138	0.026	0.178	-0.039	4.99
99.0	0.0106341466308	0.023	0.175	-0.054	4.991
99.1	0.0	0.011	0.172	-0.053	4.983
99.2	0.0	0.025	0.167	-0.042	4.994
99.3	0.0	0.02	0.163	-0.045	4.975
99.4	0.0	0.02	0.163	-0.046	4.968
99.51	0.0	0.019	0.167	-0.038	5.006
99.6	0.0	0.012	0.172	-0.043	4.984
99.7	0.0	0.005	0.165	-0.043	4.984
99.8	0.0	0.013	0.164	-0.036	4.992
99.9	0.0	0.024	0.175	-0.037	4.983
100.0	0.0	0.023	0.176	-0.038	4.981
100.1	0.0	0.011	0.167	-0.038	4.977
100.2	0.0	0.018	0.174	-0.036	4.969
100.3	0.0	0.011	0.171	-0.042	4.969
100.4	0.0	0.006	0.16	-0.042	4.975
100.52	0.0	0.007	0.159	-0.036	4.981
100.6	0.0	0.006	0.17	-0.042	4.984
100.87	0.0	0.006	0.162	-0.033	4.99
100.88	0.0	0.006	0.165	-0.033	4.987
100.9	0.0	0.019	0.164	-0.038	4.987
101.0	0.0	0.025	0.166	-0.038	4.985
101.1	0.0	0.025	0.166	-0.034	4.977
101.2	0.0	0.019	0.165	-0.036	4.975
101.3	0.0	0.02	0.157	-0.032	4.972
101.4	0.0	0.019	0.166	-0.033	4.98
101.5	0.0	0.017	0.178	-0.04	4.983
101.6	0.0	0.011	0.18	-0.041	5.01
101.7	0.0	0.012	0.167	-0.033	5.013
101.81	0.0	0.035	-0.02	0.084	4.576
101.9	0.0	0.05	-0.015	-0.093	4.87
102.0	0.0	0.028	0.162	-0.013	4.779
102.1	0.0	0.01	0.185	-0.095	4.916
102.2	0.0	0.013	0.152	-0.032	4.911
102.3	0.0	0.015	0.159	-0.053	4.981
102.41	0.0	0.013	0.172	-0.014	4.989
102.5	0.0	0.012	0.17	-0.028	5.018
102.78	0.0	-0.002	0.18	-0.015	4.983
102.82	0.0	-0.002	0.167	-0.003	4.976
102.82	0.0	-0.001	0.167	-0.009	4.997
102.9	0.0	-0.001	0.172	-0.023	4.993
103.0	0.0	-0.001	0.172	-0.021	4.981
103.1	0.0	-0.0	0.165	-0.022	4.991
103.2	0.0	0.011	0.18	-0.023	4.992
103.3	0.0	0.003	0.185	-0.023	4.976
103.4	0.0	0.01	0.177	-0.019	4.988
103.5	0.0	0.01	0.177	-0.015	4.977
103.63	0.0	0.011	0.17	-0.019	5.002
103.7	0.0	0.012	0.167	-0.015	4.991
103.8	0.0	0.018	0.176	-0.014	4.983
103.9	0.0	0.011	0.181	-0.019	4.985
104.0	0.0	0.017	0.175	-0.017	4.975
104.1	0.0	0.011	0.171	-0.011	4.981
104.2	0.0	0.016	0.179	-0.022	4.98
104.3	0.0	0.01	0.176	-0.014	4.981
104.4	0.0	0.017	0.174	-0.014	4.98
104.64	0.0	-0.003	0.232	-0.001	4.986
104.66	0.0	-0.012	0.263	0.004	4.93
104.7	0.0	-0.004	0.175	0.011	4.926
104.8	0.0	-0.006	0.156	-0.005	4.998
104.9	0.0	-0.004	0.256	0.04	4.914
105.0	0.0	0.005	0.217	-0.051	5.023
105.1	0.0	-0.004	0.27	-0.02	4.955
105.2	0.0	-0.013	0.247	-0.022	4.948
105.3	0.0	-0.025	0.261	-0.034	5.003
105.4	0.0	-0.004	0.179	0.057	4.989
105.5	0.0	-0.016	0.304	0.199	4.753
105.61	0.0	-0.01	0.235	-0.062	5.04
105.7	0.0	0.0	0.217	0.026	4.936
105.8	0.0	-0.005	0.221	-0.011	5.022
105.9	0.0	0.007	0.175	-0.022	5.055
106.0	0.0	0.005	0.165	0.002	5.012
106.1	0.0	0.013	0.159	-0.017	5.028
106.2	0.0	0.013	0.163	-0.004	5.0
106.3	0.0	0.013	0.161	-0.009	5.001
106.4	0.0	0.014	0.159	-0.012	5.001
106.5	0.0	0.013	0.166	-0.008	4.984
106.6	0.0	0.012	0.169	-0.018	4.995
106.7	0.0	0.011	0.175	-0.009	4.978
106.8	0.0	0.01	0.18	-0.016	4.982
106.9	0.0	0.01	0.174	-0.009	4.983
107.0	0.0	0.022	0.178	-0.011	4.987
107.1	0.0	0.016	0.173	-0.01	4.981
107.2	0.0	0.016	0.175	-0.006	4.979
107.3	0.0	0.017	0.171	-0.01	4.979
107.4	0.0	0.004	0.174	-0.01	4.976
107.5	0.0	0.005	0.173	-0.007	4.986
107.6	0.0	0.011	0.171	-0.004	4.98
107.7	0.0	0.01	0.176	-0.011	4.984
