%1-Time (s)	2-Velocity (m/s)	3-Yaw (rad)
12.17	0.0	-0.007
12.18	0.0	-0.007
12.28	0.0	-0.007
12.38	0.0	-0.009
12.48	0.0	-0.01
12.58	0.0	-0.028
12.68	0.0	-0.011
12.78	0.0	-0.008
12.88	0.0	-0.007
12.99	0.0	-0.015
13.11	0.0	-0.014
13.18	0.0	-0.002
13.29	0.0	0.011
13.38	0.0	0.018
13.48	0.0	0.019
13.58	0.0	-0.003
13.68	0.0	-0.013
13.78	0.0	-0.006
13.88	0.0	-0.003
13.98	0.0	-0.0
14.08	0.0	-0.011
14.18	0.0	-0.0
14.28	0.0	0.001
14.38	0.0	0.012
14.48	0.0	0.01
14.58	0.0	-0.006
14.68	0.0	0.001
14.78	0.0	0.006
14.88	0.0	0.007
14.98	0.0	0.009
15.1	0.0859238952398	-0.025
15.18	0.0859238952398	-0.037
15.28	0.10279674083	0.003
15.38	0.105614796281	-0.056
15.48	0.0823437348008	-0.026
15.58	0.131154447794	-0.006
15.68	0.102034628391	-0.024
15.78	0.116355285048	-0.034
15.88	0.113430887461	-0.007
15.98	0.0823437348008	-0.043
16.08	0.141788616776	0.032
16.18	0.10919495672	-0.034
16.28	0.102034628391	0.04
16.39	0.0868455246091	0.033
16.48	0.0823437348008	0.052
16.58	0.146786674857	0.008
16.68	0.159512192011	-0.007
16.78	0.107404880226	0.007
16.88	0.0859238952398	0.037
16.98	0.0354471541941	0.043
17.08	0.268512189388	0.037
17.18	0.193328782916	0.095
17.28	0.300101846457	0.025
17.38	0.501222729683	-0.038
17.48	0.48208129406	0.001
17.59	0.610417664051	0.032
17.68	0.613997876644	-0.066
17.79	0.647588193417	0.105
17.88	0.680230855942	0.063
17.98	0.687391161919	0.014
18.08	0.682357609272	0.117
18.18	0.682020962238	0.117
18.28	0.692761421204	0.131
18.38	0.684130072594	0.104
18.48	0.694551587105	-0.021
18.58	0.684130072594	-0.043
18.68	0.696341633797	-0.029
18.78	0.689447164536	-0.009
18.88	0.685902357101	-0.208
18.98	0.687391161919	0.05
19.08	0.689181268215	0.027
19.18	0.684130072594	-0.07
19.28	0.689181268215	-0.056
19.38	0.692761421204	0.067
19.48	0.685902357101	0.047
19.58	0.682020962238	0.075
19.68	0.685601115227	0.112
19.78	0.668648004532	0.1
19.88	0.682020962238	0.035
19.98	0.675268232822	0.002
20.09	0.67307060957	-0.05
20.18	0.676650702953	-0.086
20.28	0.664634048939	-0.044
20.38	0.671280443668	-0.043
20.48	0.671280443668	-0.051
20.6	0.652853131294	-0.098
20.68	0.667700350285	-0.051
20.78	0.669490337372	-0.164
20.88	0.659317016602	-0.185
20.98	0.665910243988	-0.138
21.08	0.657544672489	-0.159
21.18	0.662330031395	0.024
21.28	0.655169725418	-0.099
21.38	0.648682892323	0.051
21.48	0.656959891319	-0.003
21.58	0.648682892323	0.047
21.68	0.659317016602	-0.034
21.78	0.660539984703	0.003
21.88	0.655169725418	-0.022
21.98	0.652227699757	-0.031
22.08	0.664120137691	-0.051
22.18	0.658749878407	-0.044
22.28	0.648682892323	-0.057
22.38	0.648682892323	0.037
22.48	0.653999865055	-0.038
22.58	0.656959891319	0.098
22.68	0.656959891319	-0.013
22.78	0.648682892323	0.086
22.89	0.646219372749	0.009
22.98	0.655169725418	0.093
23.08	0.652227699757	0.047
23.18	0.655169725418	0.116
23.28	0.658749878407	0.063
23.38	0.64691054821	0.109
23.48	0.648009419441	0.066
23.58	0.645138144493	0.106
23.68	0.65045517683	0.064
23.78	0.65158957243	0.117
23.88	0.64691054821	0.056
23.98	0.664120137691	0.091
24.08	0.662330031395	0.054
24.18	0.655772328377	0.096
24.28	0.65158957243	0.07
24.38	0.644429266453	0.106
24.48	0.641593456268	0.055
24.58	0.660539984703	0.103
24.68	0.655772328377	0.103
24.78	0.657544672489	0.08
24.88	0.657544672489	0.094
24.98	0.652227699757	0.039
25.08	0.656959891319	-0.037
25.18	0.652227699757	0.018
25.28	0.652227699757	-0.061
25.39	0.646219372749	-0.057
25.48	0.648009419441	-0.079
25.58	0.641593456268	0.016
25.68	0.646219372749	-0.059
25.78	0.648009419441	-0.076
25.88	0.636276304722	-0.064
25.99	0.653379619122	-0.067
26.08	0.648682892323	-0.045
26.18	0.645138144493	-0.07
26.28	0.648009419441	-0.048
26.38	0.643365859985	-0.053
26.48	0.655169725418	-0.061
26.58	0.642639160156	-0.043
26.68	0.641593456268	-0.061
26.79	0.65158957243	-0.058
26.88	0.649799466133	-0.072
26.99	0.639821052551	-0.032
27.08	0.644429266453	-0.056
27.18	0.639821052551	-0.063
27.29	0.643365859985	-0.077
27.38	0.634504079819	-0.084
27.48	0.634504079819	-0.078
27.58	0.65158957243	-0.065
27.68	0.656959891319	-0.096
27.78	0.64691054821	-0.075
27.88	0.653379619122	-0.077
27.98	0.620325148106	-0.061
28.08	0.641593456268	-0.059
28.18	0.65158957243	-0.059
28.28	0.655169725418	-0.06
28.38	0.655169725418	-0.075
28.48	0.64691054821	-0.045
28.58	0.653379619122	-0.083
28.68	0.653379619122	-0.034
28.78	0.65158957243	-0.077
28.88	0.649799466133	-0.047
28.98	0.629186928272	-0.092
29.08	0.634504079819	-0.06
29.18	0.655169725418	-0.058
29.28	0.645138144493	-0.063
29.38	0.639059007168	-0.026
29.48	0.648009419441	-0.086
29.58	0.643365859985	-0.05
29.68	0.65158957243	-0.043
29.8	0.645138144493	-0.044
29.88	0.645138144493	-0.067
29.99	0.645138144493	-0.038
30.08	0.639821052551	-0.024
30.18	0.65158957243	-0.08
30.28	0.649799466133	-0.036
30.38	0.639821052551	-0.069
30.48	0.678440749645	-0.056
30.58	0.682020962238	-0.098
30.68	0.760341405869	-0.144
30.78	0.809116721153	-0.117
30.88	0.86460930109	0.123
30.98	0.903902411461	-0.012
31.08	0.918311715126	0.032
31.18	0.92663025856	-0.131
31.28	0.936212480068	-0.145
31.38	0.954113304615	0.083
31.48	0.921365320683	-0.147
31.58	0.955903410912	0.225
31.68	0.943372786045	-0.138
31.78	0.92663025856	-0.05
31.88	0.945162951946	-0.155
31.98	0.94874304533	0.115
32.08	0.941121935844	-0.148
32.18	0.945162951946	0.059
32.28	0.954113304615	0.041
32.38	0.92663025856	0.004
32.48	0.955903410912	-0.195
32.58	0.926943063736	-0.175
32.68	0.950533092022	0.144
32.78	0.934422433376	-0.133
32.9	0.935405194759	0.141
32.98	0.932632386684	-0.127
33.08	0.950533092022	0.031
33.18	0.912590444088	-0.171
33.28	0.943372786045	0.116
33.38	0.934422433376	0.049
33.48	0.917855381966	-0.023
33.58	0.941582739353	-0.114
33.68	0.930487751961	-0.035
33.78	0.945162951946	0.218
33.88	0.927262127399	-0.155
33.98	0.932260155678	-0.021
34.08	0.930842280388	-0.172
34.18	0.950533092022	0.125
34.28	0.923398375511	-0.003
34.38	0.945162951946	0.1
34.48	0.930842280388	-0.124
34.58	0.935804843903	0.077
34.68	0.934422433376	0.147
34.8	0.939792692661	0.098
34.88	0.932260155678	0.029
34.98	0.932260155678	-0.18
35.08	0.935804843903	0.063
35.18	0.925170660019	-0.132
35.28	0.950533092022	0.068
35.4	0.91808116436	-0.113
35.48	0.946952939034	0.073
35.58	0.929052114487	-0.078
35.68	0.93757712841	-0.048
35.78	0.934422433376	0.199
35.88	0.950533092022	-0.128
35.98	0.925170660019	-0.054
36.08	0.939792692661	-0.207
36.18	0.923398375511	-0.03
36.28	0.936212480068	0.048
36.38	0.94874304533	0.119
36.48	0.923398375511	-0.182
36.58	0.945162951946	0.096
36.68	0.92189180851	-0.172
36.78	0.941121935844	-0.121
36.9	0.927262127399	-0.004
36.98	0.941582739353	-0.18
37.08	0.912590444088	-0.036
37.18	0.945162951946	-0.094
37.28	0.939792692661	0.069
37.38	0.928385257721	-0.051
37.48	0.945162951946	0.038
37.58	0.91808116436	0.013
37.68	0.939792692661	-0.056
37.78	0.934422433376	0.06
37.88	0.942894220352	-0.132
37.98	0.936212480068	0.223
38.08	0.982754588127	-0.133
38.18	0.960617780685	0.255
38.28	1.05614793301	-0.174
38.38	1.10448014736	-0.087
38.48	1.11481297016	-0.127
38.58	1.17966353893	-0.121
38.68	1.23178863525	-0.231
38.78	1.24596738815	0.086
38.88	1.29601883888	-0.149
38.98	1.30445539951	0.09
39.08	1.3228700161	-0.33
39.18	1.33182048798	-0.277
39.28	1.3168617487	0.128
39.38	1.33898067474	0.016
39.48	1.34435105324	0.062
39.58	1.32395100594	-0.037
39.68	1.33003032207	-0.052
39.78	1.32824027538	-0.002
39.88	1.30219638348	-0.027
39.98	1.33361053467	-0.071
40.08	1.3168617487	-0.118
40.18	1.33182048798	-0.092
40.28	1.32824027538	-0.135
40.38	1.32217884064	0.03
40.48	1.33182048798	0.129
40.58	1.31928992271	0.029
40.68	1.30445539951	0.073
40.78	1.32107996941	0.098
40.88	1.31928992271	-0.211
40.98	1.31508934498	-0.021
41.08	1.33540070057	-0.079
41.18	1.31508934498	0.199
41.28	1.31749975681	0.227
41.39	1.3228700161	0.029
41.49	1.32040643692	0.06
41.58	1.31570971012	-0.042
41.68	1.32466006279	-0.101
41.78	1.30977237225	-0.079
41.88	1.32645010948	-0.072
41.98	1.34077095985	-0.128
42.08	1.30570626259	-0.054
42.18	1.32466006279	-0.145
42.28	1.33003032207	-0.019
42.38	1.31097114086	-0.026
42.48	1.31097114086	0.012
42.58	1.34256088734	0.023
42.69	1.34077095985	0.056
42.78	1.34077095985	0.104
42.88	1.30977237225	-0.32
42.98	1.3186340332	0.232
43.08	1.35330140591	0.208
43.18	1.32749581337	-0.029
43.28	1.30799973011	0.219
43.38	1.32466006279	-0.067
43.48	1.32395100594	-0.058
43.58	1.32217884064	-0.015
43.68	1.33898067474	-0.05
43.78	1.32040643692	-0.101
43.9	1.33898067474	-0.207
43.98	1.33898067474	-0.046
44.08	1.3186340332	0.049
44.18	1.3228700161	-0.025
44.28	1.32824027538	0.111
44.38	1.32572340965	0.091
44.48	1.33898067474	-0.243
44.58	1.38015270233	0.069
44.68	1.42674779892	-0.159
44.79	1.50008809566	0.102
44.93	1.64150452614	0.189
44.98	1.64150452614	0.076
45.08	1.70500814915	-0.196
45.18	1.7776747942	-0.382
45.28	1.85810422897	-0.172
45.38	1.92254722118	-0.503
45.48	2.00630903244	-0.516
45.58	2.05680322647	0.226
45.68	2.12124633789	-0.387
45.78	2.16050386429	-0.247
45.89	2.22686100006	-0.394
45.98	2.25089406967	-0.321
46.08	2.32173538208	-0.697
46.18	2.36111712456	0.562
46.28	2.35694026947	0.384
46.38	2.45241141319	0.16
46.48	2.49716329575	-0.879
46.58	2.50611376762	-1.082
46.68	2.57234668732	-0.666
46.78	2.60277795792	-1.145
46.88	2.55396747589	-0.458
46.98	2.49902415276	-0.527
47.08	2.51685428619	0.345
47.18	2.50611376762	0.302
47.28	2.50969386101	0.282
47.38	2.45294284821	-0.05
47.48	2.47210216522	-0.679
47.58	2.43344712257	-0.072
47.68	2.39622759819	0.261
47.78	2.41481947899	-0.708
47.88	2.38796806335	-0.821
47.98	2.35343027115	0.573
48.08	2.37543773651	0.21
48.18	2.35574698448	-0.873
48.29	2.36648750305	0.378
48.38	2.36648750305	0.392
48.48	2.30253577232	-0.252
48.58	2.34321665764	0.365
48.68	2.3467965126	-0.73
48.78	2.31115460396	-0.008
48.88	2.32531571388	0.514
48.98	2.32531571388	-0.557
49.08	2.31824374199	0.166
49.18	2.32356071472	-0.769
49.28	2.32173538208	-0.139
49.38	2.30229258537	-0.304
49.48	2.32173538208	-0.752
49.58	2.32356071472	0.493
49.68	2.35369110107	-0.285
49.78	2.38438820839	-0.71
49.88	2.374958992	0.328
49.98	2.44704127312	0.575
50.08	2.49193477631	-0.537
50.18	2.51143074036	0.13
50.28	2.584877491	-1.208
50.38	2.64753007889	0.52
50.48	2.66406202316	0.641
50.58	2.76209545135	-0.375
50.68	2.76058602333	0.361
50.79	2.83011841774	-0.601
50.88	2.86950039864	-1.081
50.98	2.85349559784	0.452
51.08	2.8820309639	-0.765
51.18	2.90172171593	-0.505
51.29	2.87653636932	-0.686
51.38	2.91425204277	-0.837
51.48	2.92141246796	-0.42
51.58	2.89780497551	0.701
51.68	2.93036317825	-0.462
51.78	2.85886478424	0.761
51.9	2.9375231266	-0.399
51.98	2.90666651726	0.608
52.08	2.91907310486	-0.57
52.18	2.92084550858	0.5
52.28	2.9464738369	-0.736
52.39	2.92261767387	0.499
52.48	2.95542407036	0.453
52.58	2.94565820694	0.384
52.68	2.90800452232	0.569
52.78	2.95721411705	-0.162
52.88	2.93502426147	0.498
53.01	2.96616482735	-0.954
53.08	2.9679543972	0.458
53.18	2.93502426147	0.505
53.28	2.96974492073	0.043
53.38	2.96437454224	0.565
53.5	2.93679642677	-0.571
53.58	2.97153496742	0.481
53.68	2.96258425713	-0.903
53.78	2.94034099579	0.23
53.88	2.96437454224	-0.862
53.98	2.91326928139	-0.513
54.08	2.9679543972	0.474
54.18	2.93502426147	-0.868
54.28	2.93325209618	0.341
54.38	2.94565820694	-0.902
54.49	2.97690534592	-0.614
54.58	2.93502426147	-0.44
54.68	2.98585534096	-0.921
54.78	2.98227548599	0.631
54.88	2.98227548599	-0.799
55.0	2.95452022552	-0.258
55.08	2.93081903458	0.04
55.18	2.93081903458	-0.998
55.28	2.97153496742	0.62
55.38	2.98048520088	-0.653
55.5	2.99480581284	0.426
55.58	2.99480581284	0.453
55.68	2.98585534096	0.079
55.78	2.97047138214	0.479
55.88	2.99301600456	0.437
56.01	3.02523732185	0.121
56.08	3.02523732185	0.527
56.18	3.02702736855	-0.862
56.28	3.02734327316	-0.949
56.38	3.08968019485	0.551
56.49	3.07326817513	-0.946
56.58	3.07681298256	-0.588
56.69	3.06795096397	-0.803
56.78	3.1093711853	-0.936
56.88	3.03787326813	0.543
56.98	3.11295104027	0.485
57.08	3.06795096397	-0.582
57.18	3.06440615654	-0.743
57.28	3.11474132538	0.015
57.38	3.12643885612	-0.554
57.48	3.21856617928	0.389
57.58	3.32955121994	-0.652
57.68	3.36254477501	0.443
57.78	3.47559356689	-0.689
57.88	3.58016252518	0.354
57.98	3.58193492889	-0.637
58.08	3.66429615021	-0.681
58.18	3.67941427231	0.916
58.28	3.77349114418	-4.061
58.38	3.81645321846	-0.519
58.48	3.82120323181	0.022
58.58	3.88984680176	1.207
58.68	3.86019492149	-0.061
58.78	3.87791872025	0.943
58.88	3.88855242729	0.202
58.98	3.93817901611	0.94
59.08	3.90450406075	1.494
59.18	3.95428943634	0.844
59.28	3.92754435539	-0.479
59.38	3.93817901611	-0.632
59.48	3.97756052017	0.118
59.58	3.90483403206	-0.345
59.69	3.97398042679	0.513
59.78	3.98293066025	0.639
59.88	3.95235705376	0.754
59.98	3.9936709404	0.897
60.08	4.01793479919	-0.446
60.18	3.99433803558	0.833
60.28	4.09749603271	0.934
60.38	4.07464981079	-0.086
60.48	4.09060144424	0.424
60.58	4.14940786362	-0.628
60.68	4.08208703995	-0.454
60.78	4.18879032135	-2.387
60.88	4.21743154526	-0.482
60.98	4.20580434799	-0.652
61.08	4.27292394638	0.811
61.18	4.19089603424	-0.655
61.28	4.30693531036	0.235
61.38	4.30872535706	-0.261
61.48	4.29973936081	-0.4
61.58	4.34452724457	0.796
61.68	4.33341503143	1.229
61.78	4.33341503143	-0.658
61.88	4.40897035599	-0.674
61.98	4.38304042816	-0.47
62.08	4.39544677734	0.644
62.18	4.41848754883	0.607
62.28	4.42734956741	0.533
62.38	4.50205421448	1.525
62.48	4.47165775299	-0.243
62.58	4.4646730423	0.935
62.68	4.54255247116	-0.341
62.78	4.57544755936	1.187
62.88	4.56559324265	-0.334
62.98	4.57800006866	0.864
63.08	4.60766887665	-0.589
63.18	4.65421199799	-1.31
63.28	4.61699151993	0.377
63.38	4.61876392365	-0.285
63.48	4.71328449249	0.845
63.58	4.66661739349	0.805
63.68	4.6878862381	-0.307
63.78	4.73476552963	0.23
63.88	4.71801614761	0.178
63.98	4.71978807449	0.635
64.08	4.79383802414	0.898
64.18	4.70510578156	-0.35
64.28	4.81352853775	-0.15
64.38	4.83679962158	-0.741
64.48	4.74371528625	1.248
64.58	4.86186027527	0.281
64.68	4.88871145248	1.307
64.78	4.79987430573	0.314
64.88	4.9406247139	1.092
64.98	4.96747589111	-0.565
65.08	4.92974281311	-0.372
65.18	5.00868225098	0.391
65.28	5.00868225098	0.689
65.38	4.99804830551	0.967
65.48	5.00868225098	-0.713
65.58	5.07309055328	-0.237
65.68	5.0459022522	-4.4
65.78	5.05830860138	-0.011
65.88	5.13395309448	0.474
65.99	5.17512512207	-4.457
66.08	5.17512512207	-0.002
66.18	5.09471130371	-4.241
66.28	5.21271657944	-0.793
66.38	5.23061752319	-4.344
66.48	5.14034175873	-0.626
66.58	5.20718669891	0.855
66.68	5.26462888718	-0.248
66.78	5.22668266296	-0.957
66.88	5.25504016876	0.503
66.98	5.30004453659	-0.324
67.08	5.79091262817	0.393
67.18	5.92695903778	-4.576
67.28	5.87359285355	0.263
67.38	5.87359285355	-0.826
67.48	5.87004852295	0.817
67.58	5.808989048	-0.658
67.68	5.88422727585	1.288
67.78	5.84935379028	-0.332
67.88	5.9144282341	-0.946
67.98	5.93053913116	0.024
68.08	5.81425380707	1.523
68.18	5.87713766098	0.427
68.28	5.8753657341	-0.597
68.38	5.81600904465	1.311
68.48	5.92695903778	-0.155
68.58	5.93411922455	-1.012
68.68	5.93769931793	0.012
68.78	5.94127988815	-0.592
68.88	5.82127380371	0.47
68.98	5.8789100647	-0.785
69.08	5.8753657341	-3.837
69.18	5.87713766098	0.004
69.28	5.93948984146	-1.099
69.38	5.94127988815	0.235
69.48	5.94485998154	-0.258
69.58	5.89663410187	0.941
69.68	5.84408855438	0.255
69.78	5.9037232399	-0.845
69.88	5.95918035507	0.148
69.98	5.9037232399	-0.302
70.08	5.96455097198	1.023
70.18	5.98066186905	0.211
70.28	5.88620853424	-0.865
70.38	5.90549564362	-4.367
70.48	5.8475985527	0.27
70.58	5.90726852417	-0.611
70.68	5.96813106537	0.387
70.78	5.90549564362	-0.7
70.88	5.95739030838	-4.232
71.03	5.96455097198	0.176
71.09	5.8475985527	0.338
71.18	5.90195083618	0.346
71.28	5.84408855438	-0.161
71.38	5.96455097198	-1.053
71.48	5.95739030838	0.005
71.58	5.9001789093	-0.728
71.69	5.96097040176	0.525
71.78	5.96097040176	-0.007
71.88	5.84408855438	-0.836
71.98	5.90726852417	0.94
72.08	5.84935379028	-0.483
72.18	5.96097040176	-1.214
72.28	5.95560026169	0.254
72.38	5.84878015518	0.101
72.48	5.72471570969	-0.051
72.58	5.68217849731	0.684
72.68	5.54574155807	-4.658
72.78	5.59710502625	-4.296
72.88	5.53152799606	-0.618
72.98	5.55641269684	-0.106
73.08	5.50671482086	-0.56
73.19	5.44219779968	-0.374
73.28	5.44219779968	-4.057
73.38	5.53851127625	-0.623
73.48	5.54209136963	-4.062
73.58	5.43517827988	-0.67
73.68	5.47304058075	-4.534
73.78	5.47658538818	-0.34
73.89	5.54209136963	-0.017
73.98	5.54388189316	0.869
74.08	5.43517827988	0.835
74.18	5.48367452621	0.39
74.29	5.54209136963	-0.184
74.38	5.48721885681	0.464
74.48	5.53672122955	0.863
74.58	5.43166828156	0.243
74.68	5.53314113617	0.651
74.78	5.51882076263	-0.031
74.88	5.43582010269	0.135
74.98	5.40923547745	-0.449
75.08	5.42695903778	-0.183
75.18	5.41632509232	-0.637
75.28	5.46690797806	0.485
75.38	5.38442277908	0.373
75.48	5.2684545517	-0.64
75.6	5.35592269897	-1.898
75.68	5.30289363861	0.255
75.78	5.2975769043	-0.344
75.88	5.28517055511	0.231
75.98	5.26035737991	-0.2
76.08	5.31296110153	-0.687
76.18	5.25149583817	0.464
76.28	5.18421554565	-0.282
76.38	5.27536916733	-4.398
76.48	5.21959352493	0.468
76.58	5.21959352493	-0.42
76.68	5.26999902725	1.313
76.78	5.21073102951	-0.685
76.88	5.24851799011	0.053
76.98	5.15933322906	-0.795
77.08	5.14160919189	-0.126
77.18	5.18765544891	-0.473
77.28	5.0754070282	0.335
77.38	5.11147880554	1.22
77.48	5.13753318787	-0.798
77.59	5.09907245636	0.664
77.69	5.06716966629	-4.259
77.78	5.0423579216	1.277
77.88	4.98239278793	-0.271
77.98	4.99450397491	-0.246
78.08	5.01401805878	1.175
78.18	4.98000574112	0.748
78.28	4.91652011871	0.69
78.38	4.87930107117	1.529
78.48	4.89229202271	0.214
78.59	4.8190407753	-0.275
78.68	4.80131673813	0.086
78.78	4.81173801422	0.453
78.88	4.71801614761	-0.61
78.98	4.66838979721	-0.791
79.08	4.66674184799	0.087
79.18	4.50152730942	-0.495
79.28	4.55575656891	0.124
79.38	4.48236370087	0.78
79.48	4.32251977921	0.03
79.58	4.34452724457	-0.315
79.68	4.2997751236	-0.331
79.78	4.23947954178	-0.624
79.88	4.23712253571	-0.138
79.98	4.14554452896	-0.666
80.08	4.12782144547	-0.44
80.18	4.04629278183	1.093
80.28	3.90834403038	-0.451
80.4	3.87437367439	0.617
80.48	3.82719349861	0.709
80.58	3.73967432976	0.442
80.69	3.69830751419	-0.163
80.78	3.58911299706	0.824
80.88	3.46495914459	-0.716
80.98	3.43158555031	-0.474
81.08	3.36714267731	0.757
81.18	3.30986046791	-0.418
81.28	3.27226877213	0.424
81.38	3.19378852844	-0.279
81.48	3.21140575409	0.577
81.58	3.18276429176	0.517
81.68	3.12643885612	0.429
81.78	3.16307353973	0.597
81.88	3.15591311455	-1.02
81.98	3.10339832306	-1.106
82.08	3.11653161049	-1.046
82.18	3.07504057884	0.589
82.28	3.1057908535	0.624
82.4	3.09684062004	-0.005
82.48	3.05731701851	-1.117
82.58	3.08610010147	0.549
82.68	3.08251976967	0.765
82.78	3.04138302803	-1.002
82.88	3.04138302803	-1.137
82.98	3.06263399124	-0.917
83.08	3.05924868584	0.662
83.18	3.00946307182	-0.205
83.28	3.02344727516	0.313
83.38	2.99351215363	0.663
83.48	3.01986718178	-1.094
83.58	3.00196623802	0.061
83.68	2.9562921524	-0.989
83.78	2.91375565529	-0.284
83.88	2.93573331833	0.737
83.98	2.86237478256	-0.049
84.09	2.88561105728	0.622
84.18	2.83045506477	0.809
84.28	2.79146337509	-0.937
84.38	2.80684733391	-1.096
84.48	2.74006462097	0.774
84.58	2.73524427414	-0.313
84.69	2.71197319031	-0.259
84.79	2.64613008499	-1.148
84.88	2.63195085526	-1.06
84.98	2.63320970535	-0.825
85.08	2.56578326225	-1.225
85.18	2.58845758438	-1.011
85.28	2.56876659393	-0.43
85.38	2.50965857506	-0.469
85.48	2.48661780357	0.565
85.58	2.44053649902	0.607
85.68	2.43272042274	0.286
85.78	2.4112393856	-0.339
85.88	2.32710599899	0.139
85.99	2.3467965126	-0.921
86.08	2.33068585396	-0.173
86.18	2.28456902504	-0.654
86.28	2.29488420486	-0.225
86.38	2.27161312103	-0.639
86.48	2.24380493164	-0.22
86.58	2.22962594032	0.46
86.68	2.20658516884	0.16
87.21	2.12661647797	0.481
87.22	2.12661647797	-0.163
87.32	2.10733318329	-0.473
87.42	2.10513567924	-0.54
87.52	2.10155534744	0.453
87.62	2.07112407684	0.454
87.72	2.05680322647	-0.172
87.82	2.05680322647	-0.114
87.92	2.00769901276	-0.503
88.02	2.02934956551	-0.465
88.12	2.00276422501	0.08
88.22	2.00310087204	0.412
88.32	1.99236035347	0.372
88.42	1.95491039753	0.282
88.52	1.92832517624	0.336
88.62	1.94760847092	0.291
88.72	1.90882909298	-0.004
88.82	1.87958538532	-0.009
88.92	1.86884486675	-0.275
89.02	1.82907319069	0.144
89.13	1.79724168777	-0.154
89.22	1.74754452705	-0.064
89.32	1.7014632225	-0.165
89.42	1.66477560997	0.147
89.52	1.58626008034	0.202
89.62	1.53409969807	-0.085
89.72	1.48218727112	-0.011
89.82	1.38243889809	0.036
89.92	1.33182048798	0.124
90.02	1.29422879219	0.085
90.12	1.25128448009	-0.12
90.22	1.23336601257	-0.246
90.32	1.16621124744	0.094
90.42	1.04391849041	0.089
90.52	0.977384328842	-0.067
90.62	0.744112253189	0.019
90.72	0.708872139454	0.015
90.82	0.422459185123	-0.044
90.92	0.0974796637893	-0.057
91.02	0.0250611398369	-0.128
91.12	0.02148097381	-0.001
91.22	0.0141788609326	-0.033
91.32	0.014320650138	0.007
91.42	0.00716032506898	-0.015
91.52	0.0	-0.021
91.62	0.0	-0.024
91.72	0.0	-0.026
91.83	0.0	-0.024
91.92	0.0	-0.02
92.02	0.0	-0.023
92.12	0.0	-0.013
92.22	0.0	-0.017
92.32	0.0	-0.024
92.42	0.0	-0.017
92.52	0.0	-0.002
92.62	0.0	-0.011
92.72	0.0	-0.009
92.82	0.0	-0.01
92.92	0.0	-0.011
93.02	0.0	-0.01
93.12	0.0	-0.011
93.22	0.0	-0.008
93.32	0.0	-0.001
93.42	0.0	-0.008
93.52	0.0	-0.03
93.62	0.0	-0.022
93.72	0.0	-0.011
93.82	0.0	-0.01
93.92	0.0	-0.01
94.02	0.0	-0.003
94.12	0.0	-0.004
94.22	0.0	-0.005
94.33	0.0	0.001
94.42	0.0	-0.019
94.52	0.0	-0.019
94.62	0.0	-0.028
94.72	0.0	-0.035
94.82	0.0	-0.03
94.92	0.0	-0.028
95.02	0.0	-0.023
95.12	0.0	-0.017
95.22	0.0	-0.017
95.32	0.0	-0.014
95.42	0.0	-0.009
95.52	0.0	-0.009
95.62	0.0	-0.011
95.72	0.0	-0.004
95.82	0.0	-0.016
95.92	0.0	-0.018
96.02	0.0	-0.018
96.12	0.0	-0.011
96.22	0.0	-0.006
96.32	0.0	-0.006
96.82	0.0	-0.019
96.82	0.0	-0.017
96.93	0.0	-0.016
97.03	0.0	-0.018
97.13	0.0	-0.023
97.23	0.0	-0.035
97.32	0.0	-0.029
97.42	0.0	-0.039
97.53	0.0	-0.024
97.62	0.0	-0.024
97.72	0.0	-0.03
97.82	0.0	-0.036
97.93	0.0	-0.035
98.03	0.0	-0.029
98.12	0.0	-0.018
98.22	0.0	-0.016
98.33	0.0	-0.016
98.43	0.0	-0.016
98.53	0.0	-0.02
98.63	0.0	-0.022
98.72	0.0	-0.023
98.82	0.0	-0.024
98.93	0.0	-0.023
99.03	0.0	-0.026
99.12	0.0	-0.022
99.22	0.0	-0.03
99.33	0.0	-0.024
99.42	0.0	-0.023
99.53	0.0	-0.024
99.62	0.0	-0.018
99.72	0.0	-0.01
99.82	0.0	-0.011
99.92	0.0	-0.01
100.02	0.0	-0.013
100.13	0.0	-0.013
100.22	0.0	-0.01
100.32	0.0	-0.012
100.42	0.0	-0.011
100.52	0.0	-0.01
100.63	0.0	-0.01
100.73	0.0	-0.009
100.83	0.0	-0.01
100.93	0.0	-0.01
101.03	0.0	-0.013
101.12	0.0	-0.009
101.22	0.0	-0.011
101.33	0.0	-0.012
101.42	0.0	-0.011
101.52	0.0	-0.011
101.62	0.0	-0.01
101.72	0.0	-0.024
101.82	0.0	-0.019
101.92	0.0	-0.017
102.03	0.0	-0.014
102.12	0.0	-0.012
